MIN=0	0	0	0	0
MAX=50	10	10	10	70
SCALE=50	5	5	5	10
DEC=1	2	2	2	2
DEF="Time" t / s	"Voltage" U_A1 / V	"Voltage" U_B1 / V	"Anode" U_A / V	"Acceleration voltage" U_B / V
0	0.035	0.8	0.035	0.8
0.1	0.035	0.8	0.035	0.8
0.199	0.035	0.8	0.035	0.8
0.3	0.035	0.8	0.035	0.8
0.4	0.035	0.8	0.035	0.8
0.499	0.035	0.8	0.035	0.8
0.599	0.035	0.8	0.035	0.8
0.699	0.035	0.8	0.035	0.8
0.799	0.035	0.8	0.035	0.8
0.899	0.035	0.8	0.035	0.8
0.999	0.035	0.8	0.035	0.8
1.099	0.03	0.9	0.03	0.9
1.199	0.04	1.1	0.04	1.1
1.299	0.03	1.35	0.03	1.35
1.399	0.04	1.5	0.04	1.5
1.499	0.035	1.7	0.035	1.7
1.599	0.04	1.9	0.04	1.9
1.699	0.035	2.05	0.035	2.05
1.799	0.04	2.25	0.04	2.25
1.899	0.035	2.45	0.035	2.45
1.999	0.04	2.65	0.04	2.65
2.099	0.035	2.85	0.035	2.85
2.199	0.04	3.05	0.04	3.05
2.299	0.035	3.25	0.035	3.25
2.399	0.04	3.4	0.04	3.4
2.499	0.035	3.6	0.035	3.6
2.599	0.04	3.85	0.04	3.85
2.699	0.035	4	0.035	4
2.8	0.035	4.2	0.035	4.2
2.899	0.035	4.4	0.035	4.4
2.999	0.03	4.55	0.03	4.55
3.099	0.035	4.75	0.035	4.75
3.199	0.03	4.95	0.03	4.95
3.3	0.035	5.15	0.035	5.15
3.399	0.03	5.35	0.03	5.35
3.5	0.035	5.55	0.035	5.55
3.6	0.03	5.75	0.03	5.75
3.7	0.035	5.95	0.035	5.95
3.8	0.03	6.1	0.03	6.1
3.9	0.035	6.3	0.035	6.3
4	0.03	6.5	0.03	6.5
4.1	0.04	6.7	0.04	6.7
4.2	0.03	6.9	0.03	6.9
4.3	0.04	7.1	0.04	7.1
4.4	0.03	7.3	0.03	7.3
4.5	0.035	7.45	0.035	7.45
4.6	0.03	7.65	0.03	7.65
4.7	0.04	7.85	0.04	7.85
4.8	0.025	8.05	0.025	8.05
4.9	0.035	8.25	0.035	8.25
5	0.03	8.45	0.03	8.45
5.1	0.04	8.6	0.04	8.6
5.2	0.03	8.85	0.03	8.85
5.3	0.04	9.05	0.04	9.05
5.4	0.03	9.2	0.03	9.2
5.5	0.04	9.4	0.04	9.4
5.6	0.035	9.6	0.035	9.6
5.7	0.045	9.8	0.045	9.8
5.8	0.035	10	0.035	10
5.9	0.045	10.2	0.045	10.2
6	0.04	10.4	0.04	10.4
6.1	0.05	10.55	0.05	10.55
6.2	0.045	10.75	0.045	10.75
6.3	0.06	10.95	0.06	10.95
6.4	0.065	11.15	0.065	11.15
6.5	0.08	11.35	0.08	11.35
6.6	0.085	11.5	0.085	11.5
6.7	0.095	11.7	0.095	11.7
6.8	0.085	11.9	0.085	11.9
6.9	0.075	12.1	0.075	12.1
7	0.07	12.3	0.07	12.3
7.1	0.065	12.5	0.065	12.5
7.2	0.055	12.7	0.055	12.7
7.3	0.05	12.9	0.05	12.9
7.4	0.045	13.1	0.045	13.1
7.5	0.045	13.3	0.045	13.3
7.6	0.04	13.5	0.04	13.5
7.7	0.04	13.65	0.04	13.65
7.8	0.04	13.9	0.04	13.9
7.9	0.035	14.1	0.035	14.1
8	0.04	14.25	0.04	14.25
8.1	0.04	14.45	0.04	14.45
8.2	0.04	14.65	0.04	14.65
8.3	0.035	14.85	0.035	14.85
8.4	0.045	15	0.045	15
8.5	0.055	15.2	0.055	15.2
8.6	0.075	15.4	0.075	15.4
8.7	0.1	15.6	0.1	15.6
8.8	0.15	15.8	0.15	15.8
8.9	0.195	16	0.195	16
9	0.26	16.2	0.26	16.2
9.1	0.315	16.35	0.315	16.35
9.2	0.36	16.6	0.36	16.6
9.3	0.35	16.75	0.35	16.75
9.4	0.305	16.95	0.305	16.95
9.5	0.23	17.15	0.23	17.15
9.6	0.185	17.3	0.185	17.3
9.7	0.14	17.5	0.14	17.5
9.8	0.11	17.7	0.11	17.7
9.9	0.085	17.9	0.085	17.9
10	0.07	18.1	0.07	18.1
10.1	0.06	18.3	0.06	18.3
10.2	0.055	18.5	0.055	18.5
10.3	0.05	18.7	0.05	18.7
10.4	0.045	18.9	0.045	18.9
10.5	0.04	19.05	0.04	19.05
10.6	0.04	19.25	0.04	19.25
10.7	0.04	19.45	0.04	19.45
10.8	0.045	19.65	0.045	19.65
10.9	0.055	19.85	0.055	19.85
11	0.08	20	0.08	20
11.1	0.12	20.25	0.12	20.25
11.2	0.185	20.4	0.185	20.4
11.3	0.26	20.6	0.26	20.6
11.4	0.375	20.8	0.375	20.8
11.5	0.495	21	0.495	21
11.6	0.615	21.15	0.615	21.15
11.7	0.705	21.35	0.705	21.35
11.8	0.72	21.55	0.72	21.55
11.9	0.64	21.75	0.64	21.75
12	0.52	21.95	0.52	21.95
12.1	0.395	22.15	0.395	22.15
12.2	0.305	22.35	0.305	22.35
12.3	0.22	22.5	0.22	22.5
12.4	0.15	22.75	0.15	22.75
12.5	0.115	22.9	0.115	22.9
12.6	0.09	23.1	0.09	23.1
12.7	0.07	23.3	0.07	23.3
12.8	0.055	23.5	0.055	23.5
12.9	0.05	23.7	0.05	23.7
13	0.045	23.9	0.045	23.9
13.1	0.045	24.1	0.045	24.1
13.2	0.04	24.3	0.04	24.3
13.3	0.05	24.45	0.05	24.45
13.4	0.07	24.65	0.07	24.65
13.5	0.1	24.85	0.1	24.85
13.6	0.16	25	0.16	25
13.7	0.26	25.25	0.26	25.25
13.8	0.37	25.45	0.37	25.45
13.9	0.525	25.6	0.525	25.6
14	0.69	25.8	0.69	25.8
14.101	0.895	26	0.895	26
14.2	1.035	26.2	1.035	26.2
14.3	1.125	26.4	1.125	26.4
14.4	1.085	26.6	1.085	26.6
14.5	0.96	26.75	0.96	26.75
14.6	0.805	26.95	0.805	26.95
14.7	0.64	27.2	0.64	27.2
14.8	0.49	27.35	0.49	27.35
14.9	0.365	27.55	0.365	27.55
15	0.255	27.75	0.255	27.75
15.1	0.19	27.9	0.19	27.9
15.2	0.14	28.1	0.14	28.1
15.3	0.105	28.3	0.105	28.3
15.4	0.08	28.5	0.08	28.5
15.5	0.065	28.7	0.065	28.7
15.6	0.055	28.9	0.055	28.9
15.7	0.055	29.1	0.055	29.1
15.8	0.055	29.3	0.055	29.3
15.9	0.08	29.45	0.08	29.45
16	0.125	29.65	0.125	29.65
16.1	0.195	29.85	0.195	29.85
16.2	0.295	30.05	0.295	30.05
16.3	0.43	30.2	0.43	30.2
16.4	0.64	30.45	0.64	30.45
16.5	0.86	30.6	0.86	30.6
16.6	1.1	30.8	1.1	30.8
16.7	1.365	31	1.365	31
16.8	1.525	31.2	1.525	31.2
16.9	1.575	31.4	1.575	31.4
17	1.51	31.6	1.51	31.6
17.1	1.395	31.8	1.395	31.8
17.2	1.225	31.95	1.225	31.95
17.299	1	32.15	1	32.15
17.399	0.785	32.35	0.785	32.35
17.499	0.615	32.55	0.615	32.55
17.6	0.47	32.75	0.47	32.75
17.699	0.33	32.95	0.33	32.95
17.799	0.25	33.15	0.25	33.15
17.899	0.195	33.3	0.195	33.3
17.999	0.15	33.55	0.15	33.55
18.099	0.115	33.75	0.115	33.75
18.199	0.1	33.9	0.1	33.9
18.299	0.095	34.1	0.095	34.1
18.399	0.11	34.3	0.11	34.3
18.499	0.145	34.45	0.145	34.45
18.599	0.22	34.65	0.22	34.65
18.7	0.335	34.85	0.335	34.85
18.799	0.49	35.05	0.49	35.05
18.899	0.695	35.25	0.695	35.25
18.999	0.99	35.45	0.99	35.45
19.099	1.3	35.65	1.3	35.65
19.199	1.63	35.85	1.63	35.85
19.299	1.94	36.05	1.94	36.05
19.399	2.13	36.25	2.13	36.25
19.499	2.21	36.4	2.21	36.4
19.599	2.195	36.6	2.195	36.6
19.699	2.095	36.8	2.095	36.8
19.799	1.905	37	1.905	37
19.899	1.655	37.15	1.655	37.15
19.999	1.365	37.4	1.365	37.4
20.099	1.135	37.55	1.135	37.55
20.2	0.905	37.75	0.905	37.75
20.299	0.69	37.95	0.69	37.95
20.399	0.55	38.15	0.55	38.15
20.499	0.435	38.35	0.435	38.35
20.599	0.335	38.55	0.335	38.55
20.699	0.28	38.75	0.28	38.75
20.799	0.245	38.95	0.245	38.95
20.899	0.225	39.1	0.225	39.1
20.999	0.25	39.3	0.25	39.3
21.099	0.31	39.5	0.31	39.5
21.199	0.42	39.7	0.42	39.7
21.299	0.615	39.9	0.615	39.9
21.399	0.85	40.1	0.85	40.1
21.499	1.145	40.25	1.145	40.25
21.599	1.575	40.5	1.575	40.5
21.699	2	40.65	2	40.65
21.799	2.46	40.85	2.46	40.85
21.899	2.51	40.85	2.51	40.85
21.999	2.51	40.85	2.51	40.85
22.099	2.51	40.85	2.51	40.85
22.199	2.51	40.85	2.51	40.85
22.299	2.51	40.85	2.51	40.85
22.399	2.515	40.85	2.515	40.85
22.499	2.515	40.85	2.515	40.85
22.599	2.515	40.85	2.515	40.85
22.699	2.525	40.85	2.525	40.85
22.799	2.525	40.85	2.525	40.85
22.899	2.525	40.85	2.525	40.85
22.999	2.53	40.85	2.53	40.85
23.099	2.53	40.85	2.53	40.85
23.199	2.53	40.85	2.53	40.85
23.299	2.53	40.85	2.53	40.85
23.399	2.53	40.85	2.53	40.85
23.499	2.54	40.85	2.54	40.85
23.599	2.54	40.85	2.54	40.85
23.699	2.545	40.85	2.545	40.85
23.799	2.545	40.85	2.545	40.85
23.899	2.545	40.85	2.545	40.85
23.999	2.55	40.85	2.55	40.85
24.099	2.55	40.85	2.55	40.85
24.199	2.555	40.85	2.555	40.85
24.299	2.56	40.85	2.56	40.85
24.399	2.56	40.85	2.56	40.85
24.499	2.565	40.85	2.565	40.85
24.599	2.565	40.85	2.565	40.85
24.699	2.565	40.85	2.565	40.85
24.799	2.565	40.85	2.565	40.85
24.899	2.565	40.85	2.565	40.85
24.999	2.575	40.85	2.575	40.85
25.099	2.575	40.85	2.575	40.85
25.199	2.575	40.85	2.575	40.85
25.299	2.58	40.85	2.58	40.85
25.399	2.58	40.85	2.58	40.85
25.499	2.58	40.85	2.58	40.85
25.599	2.58	40.85	2.58	40.85
25.699	2.585	40.85	2.585	40.85
25.799	2.585	40.85	2.585	40.85
25.899	2.595	40.85	2.595	40.85
25.999	2.595	40.85	2.595	40.85
26.099	2.595	40.85	2.595	40.85
26.199	2.595	40.85	2.595	40.85
26.299	2.59	40.85	2.59	40.85
26.399	2.6	40.85	2.6	40.85
26.499	2.6	40.85	2.6	40.85
26.599	2.605	40.85	2.605	40.85
26.699	2.61	40.85	2.61	40.85
26.799	2.615	40.85	2.615	40.85
26.9	2.615	40.85	2.615	40.85
26.999	2.61	40.85	2.61	40.85
27.099	2.61	40.85	2.61	40.85
27.199	2.615	40.85	2.615	40.85
27.3	2.615	40.85	2.615	40.85
27.4	2.615	40.85	2.615	40.85
27.5	2.62	40.85	2.62	40.85
27.6	2.625	40.85	2.625	40.85
27.7	2.62	40.85	2.62	40.85
27.799	2.625	40.85	2.625	40.85
27.9	2.625	40.85	2.625	40.85
28	2.625	40.85	2.625	40.85
28.1	2.63	40.85	2.63	40.85
28.2	2.63	40.85	2.63	40.85
28.3	2.635	40.85	2.635	40.85
28.4	2.635	40.85	2.635	40.85
28.5	2.645	40.85	2.645	40.85
28.6	2.64	40.85	2.64	40.85
28.7	2.645	40.85	2.645	40.85
28.8	2.64	40.85	2.64	40.85
28.9	2.64	40.85	2.64	40.85
29	2.645	40.85	2.645	40.85
29.1	2.645	40.85	2.645	40.85
29.2	2.65	40.85	2.65	40.85
29.3	2.65	40.85	2.65	40.85
29.4	2.655	40.85	2.655	40.85
29.5	2.66	40.85	2.66	40.85
29.6	2.66	40.85	2.66	40.85
29.7	2.66	40.85	2.66	40.85
29.8	2.66	40.85	2.66	40.85
29.9	2.665	40.85	2.665	40.85
30	2.67	40.85	2.67	40.85
30.1	2.675	40.85	2.675	40.85
30.2	2.675	40.85	2.675	40.85
30.3	2.675	40.85	2.675	40.85
30.4	2.67	40.85	2.67	40.85
30.5	2.675	40.85	2.675	40.85
30.6	2.68	40.85	2.68	40.85
30.7	2.68	40.85	2.68	40.85
30.8	2.685	40.85	2.685	40.85
30.9	2.69	40.85	2.69	40.85
31	2.685	40.85	2.685	40.85
31.1	2.695	40.85	2.695	40.85
31.2	2.695	40.85	2.695	40.85
31.3	2.695	40.85	2.695	40.85
31.4	2.695	40.85	2.695	40.85
31.5	2.695	40.85	2.695	40.85
31.6	2.705	40.85	2.705	40.85
31.7	2.705	40.85	2.705	40.85
31.8	2.705	40.85	2.705	40.85
31.9	2.71	40.85	2.71	40.85
32	2.71	40.85	2.71	40.85
32.1	2.71	40.85	2.71	40.85
32.2	2.715	40.85	2.715	40.85
32.3	2.72	40.85	2.72	40.85
32.4	2.725	40.85	2.725	40.85
32.5	2.73	40.85	2.73	40.85
32.6	2.72	40.85	2.72	40.85
32.7	2.735	40.85	2.735	40.85
32.8	2.73	40.85	2.73	40.85
32.9	2.735	40.85	2.735	40.85
33	2.73	40.85	2.73	40.85
33.1	2.74	40.85	2.74	40.85
33.2	2.74	40.85	2.74	40.85
33.3	2.745	40.85	2.745	40.85
33.4	2.745	40.85	2.745	40.85
