MIN=0	0	0	0	0
MAX=50	10	10	10	70
SCALE=50	5	5	5	10
DEC=1	2	2	2	2
DEF="Time" t / s	"Voltage" U_A1 / V	"Voltage" U_B1 / V	"Anode" U_A / V	"Acceleration voltage" U_B / V
0	0.045	0.55	0.045	0.55
0.099	0.045	0.55	0.045	0.55
0.2	0.045	0.55	0.045	0.55
0.3	0.045	0.55	0.045	0.55
0.399	0.045	0.55	0.045	0.55
0.499	0.045	0.55	0.045	0.55
0.599	0.04	3.85	0.04	3.85
0.7	0.04	0.75	0.04	0.75
0.8	0.04	0.9	0.04	0.9
0.9	0.045	1.1	0.045	1.1
1	0.035	1.3	0.035	1.3
1.099	0.04	1.5	0.04	1.5
1.199	0.04	1.65	0.04	1.65
1.299	0.045	1.9	0.045	1.9
1.399	0.04	2.05	0.04	2.05
1.499	0.045	2.25	0.045	2.25
1.6	0.035	2.45	0.035	2.45
1.7	0.045	2.65	0.045	2.65
1.799	0.035	2.8	0.035	2.8
1.9	0.045	3.05	0.045	3.05
1.999	0.035	3.2	0.035	3.2
2.1	0.045	3.4	0.045	3.4
2.2	0.035	3.6	0.035	3.6
2.3	0.045	3.8	0.045	3.8
2.4	0.035	4	0.035	4
2.5	0.045	4.15	0.045	4.15
2.6	0.04	4.35	0.04	4.35
2.7	0.045	4.55	0.045	4.55
2.8	0.045	4.75	0.045	4.75
2.9	0.05	4.95	0.05	4.95
3	0.045	5.15	0.045	5.15
3.1	0.055	5.35	0.055	5.35
3.2	0.055	5.55	0.055	5.55
3.3	0.065	5.75	0.065	5.75
3.4	0.07	5.95	0.07	5.95
3.5	0.085	6.1	0.085	6.1
3.599	0.09	6.3	0.09	6.3
3.7	0.105	6.5	0.105	6.5
3.8	0.11	6.7	0.11	6.7
3.9	0.12	6.9	0.12	6.9
4	0.115	7.1	0.115	7.1
4.1	0.115	7.25	0.115	7.25
4.2	0.11	7.45	0.11	7.45
4.3	0.105	7.65	0.105	7.65
4.4	0.105	7.8	0.105	7.8
4.5	0.095	8	0.095	8
4.6	0.09	8.2	0.09	8.2
4.7	0.08	8.4	0.08	8.4
4.8	0.08	8.6	0.08	8.6
4.9	0.07	8.8	0.07	8.8
5	0.07	9	0.07	9
5.1	0.065	9.2	0.065	9.2
5.2	0.08	9.4	0.08	9.4
5.3	0.08	9.55	0.08	9.55
5.4	0.095	9.75	0.095	9.75
5.5	0.105	9.95	0.105	9.95
5.6	0.135	10.15	0.135	10.15
5.7	0.155	10.35	0.155	10.35
5.8	0.19	10.5	0.19	10.5
5.9	0.23	10.75	0.23	10.75
6	0.275	10.9	0.275	10.9
6.1	0.315	11.1	0.315	11.1
6.2	0.375	11.3	0.375	11.3
6.3	0.405	11.5	0.405	11.5
6.4	0.42	11.7	0.42	11.7
6.5	0.38	11.9	0.38	11.9
6.6	0.335	12.1	0.335	12.1
6.7	0.285	12.25	0.285	12.25
6.8	0.24	12.45	0.24	12.45
6.9	0.19	12.65	0.19	12.65
7.004	0.155	12.9	0.155	12.9
7.1	0.135	13.05	0.135	13.05
7.2	0.11	13.25	0.11	13.25
7.3	0.095	13.45	0.095	13.45
7.4	0.09	13.6	0.09	13.6
7.5	0.09	13.85	0.09	13.85
7.6	0.1	14	0.1	14
7.7	0.12	14.2	0.12	14.2
7.8	0.16	14.45	0.16	14.45
7.9	0.19	14.6	0.19	14.6
8	0.245	14.8	0.245	14.8
8.1	0.305	14.95	0.305	14.95
8.2	0.39	15.2	0.39	15.2
8.3	0.47	15.35	0.47	15.35
8.4	0.56	15.55	0.56	15.55
8.5	0.68	15.75	0.68	15.75
8.6	0.79	15.95	0.79	15.95
8.7	0.9	16.15	0.9	16.15
8.8	1.005	16.35	1.005	16.35
8.9	1.015	16.55	1.015	16.55
9	0.93	16.7	0.93	16.7
9.103	0.755	16.9	0.755	16.9
9.2	0.59	17.1	0.59	17.1
9.3	0.46	17.3	0.46	17.3
9.4	0.345	17.45	0.345	17.45
9.5	0.255	17.7	0.255	17.7
9.6	0.19	17.85	0.19	17.85
9.7	0.15	18.05	0.15	18.05
9.8	0.115	18.25	0.115	18.25
9.9	0.11	18.45	0.11	18.45
10	0.12	18.65	0.12	18.65
10.1	0.155	18.85	0.155	18.85
10.2	0.2	19.05	0.2	19.05
10.3	0.265	19.2	0.265	19.2
10.4	0.345	19.4	0.345	19.4
10.5	0.455	19.6	0.455	19.6
10.6	0.565	19.8	0.565	19.8
10.7	0.7	20	0.7	20
10.8	0.86	20.2	0.86	20.2
10.9	1.035	20.35	1.035	20.35
11	1.21	20.6	1.21	20.6
11.1	1.435	20.8	1.435	20.8
11.2	1.635	20.95	1.635	20.95
11.3	1.805	21.15	1.805	21.15
11.4	1.855	21.35	1.855	21.35
11.5	1.73	21.55	1.73	21.55
11.6	1.47	21.75	1.47	21.75
11.7	1.145	21.95	1.145	21.95
11.8	0.885	22.15	0.885	22.15
11.9	0.66	22.3	0.66	22.3
12	0.465	22.5	0.465	22.5
12.1	0.315	22.7	0.315	22.7
12.2	0.235	22.9	0.235	22.9
12.3	0.18	23.1	0.18	23.1
12.4	0.165	23.3	0.165	23.3
12.5	0.18	23.5	0.18	23.5
12.6	0.225	23.65	0.225	23.65
12.7	0.295	23.85	0.295	23.85
12.8	0.395	24.1	0.395	24.1
12.9	0.515	24.25	0.515	24.25
13	0.66	24.4	0.66	24.4
13.1	0.865	24.65	0.865	24.65
13.2	1.065	24.8	1.065	24.8
13.303	1.3	25	1.3	25
13.4	1.58	25.2	1.58	25.2
13.5	1.85	25.4	1.85	25.4
13.6	2.135	25.6	2.135	25.6
13.7	2.47	25.8	2.47	25.8
13.8	2.705	26	2.705	26
13.9	2.83	26.2	2.83	26.2
14	2.78	26.35	2.78	26.35
14.1	2.48	26.55	2.48	26.55
14.2	2.1	26.75	2.1	26.75
14.3	1.725	26.95	1.725	26.95
14.4	1.315	27.15	1.315	27.15
14.5	0.985	27.3	0.985	27.3
14.6	0.73	27.5	0.73	27.5
14.7	0.51	27.7	0.51	27.7
14.8	0.375	27.9	0.375	27.9
14.9	0.3	28.05	0.3	28.05
15	0.28	28.3	0.28	28.3
15.1	0.31	28.5	0.31	28.5
15.2	0.385	28.65	0.385	28.65
15.3	0.505	28.85	0.505	28.85
15.4	0.69	29.05	0.69	29.05
15.5	0.875	29.25	0.875	29.25
15.6	1.09	29.45	1.09	29.45
15.7	1.39	29.65	1.39	29.65
15.8	1.68	29.85	1.68	29.85
15.9	2.01	30	2.01	30
16	2.43	30.2	2.43	30.2
16.1	2.83	30.4	2.83	30.4
16.2	3.23	30.6	3.23	30.6
16.3	3.6	30.8	3.6	30.8
16.4	3.89	31	3.89	31
16.5	3.93	31.2	3.93	31.2
16.6	3.765	31.35	3.765	31.35
16.7	3.41	31.6	3.41	31.6
16.8	3.005	31.75	3.005	31.75
16.9	2.555	31.9	2.555	31.9
17	1.955	32.15	1.955	32.15
17.1	1.515	32.35	1.515	32.35
17.2	1.17	32.5	1.17	32.5
17.3	0.845	32.75	0.845	32.75
17.4	0.655	32.95	0.655	32.95
17.5	0.56	33.1	0.56	33.1
17.6	0.535	33.3	0.535	33.3
17.7	0.575	33.5	0.575	33.5
17.8	0.68	33.7	0.68	33.7
17.899	0.845	33.85	0.845	33.85
17.999	1.095	34.05	1.095	34.05
18.099	1.375	34.25	1.375	34.25
18.199	1.695	34.45	1.695	34.45
18.299	2.115	34.65	2.115	34.65
18.399	2.51	34.85	2.51	34.85
18.499	2.97	35.05	2.97	35.05
18.599	3.56	35.25	3.56	35.25
18.699	4.1	35.4	4.1	35.4
18.799	4.64	35.6	4.64	35.6
18.899	5.06	35.8	5.06	35.8
18.999	5.355	36	5.355	36
19.099	5.37	36.2	5.37	36.2
19.199	5.21	36.4	5.21	36.4
19.299	4.85	36.6	4.85	36.6
19.399	4.4	36.8	4.4	36.8
19.499	3.825	36.95	3.825	36.95
19.599	3.145	37.15	3.145	37.15
19.699	2.605	37.35	2.605	37.35
19.799	2.105	37.55	2.105	37.55
19.899	1.69	37.7	1.69	37.7
19.999	1.365	37.95	1.365	37.95
20.099	1.2	38.1	1.2	38.1
20.199	1.12	38.3	1.12	38.3
20.299	1.15	38.5	1.15	38.5
20.399	1.28	38.7	1.28	38.7
20.499	1.475	38.9	1.475	38.9
20.599	1.82	39.1	1.82	39.1
20.699	2.21	39.3	2.21	39.3
20.799	2.665	39.45	2.665	39.45
20.899	3.28	39.65	3.28	39.65
20.999	3.88	39.85	3.88	39.85
21.099	4.535	40.05	4.535	40.05
21.199	5.315	40.25	5.315	40.25
21.299	6.05	40.45	6.05	40.45
21.399	6.64	40.6	6.64	40.6
21.499	6.635	40.6	6.635	40.6
21.599	6.615	40.6	6.615	40.6
21.699	6.64	40.55	6.64	40.55
21.799	6.645	40.55	6.645	40.55
21.899	6.65	40.55	6.65	40.55
21.999	6.65	40.55	6.65	40.55
22.099	6.66	40.6	6.66	40.6
22.199	6.67	40.6	6.67	40.6
22.299	6.68	40.6	6.68	40.6
22.399	6.675	40.6	6.675	40.6
22.499	6.68	40.6	6.68	40.6
22.599	6.675	40.6	6.675	40.6
22.699	6.68	40.6	6.68	40.6
22.799	6.69	40.6	6.69	40.6
22.899	6.69	40.6	6.69	40.6
22.999	6.69	40.6	6.69	40.6
23.099	6.7	40.6	6.7	40.6
23.199	6.71	40.6	6.71	40.6
23.299	6.705	40.6	6.705	40.6
23.399	6.71	40.6	6.71	40.6
23.499	6.715	40.6	6.715	40.6
23.599	6.725	40.6	6.725	40.6
23.699	6.71	40.6	6.71	40.6
23.799	6.73	40.6	6.73	40.6
23.899	6.735	40.6	6.735	40.6
23.999	6.735	40.6	6.735	40.6
24.099	6.745	40.6	6.745	40.6
24.199	6.745	40.6	6.745	40.6
24.299	6.735	40.6	6.735	40.6
24.399	6.745	40.6	6.745	40.6
24.499	6.745	40.6	6.745	40.6
24.599	6.755	40.6	6.755	40.6
24.699	6.76	40.6	6.76	40.6
24.799	6.765	40.6	6.765	40.6
24.899	6.765	40.6	6.765	40.6
24.999	6.77	40.6	6.77	40.6
25.099	6.785	40.6	6.785	40.6
25.199	6.78	40.6	6.78	40.6
