MIN=0	0	0	0	0
MAX=50	10	10	10	70
SCALE=50	5	5	5	10
DEC=1	2	2	2	2
DEF="Time" t / s	"Voltage" U_A1 / V	"Voltage" U_B1 / V	"Anode" U_A / V	"Acceleration voltage" U_B / V
0	0.035	0.45	0.035	0.45
0.099	0.035	0.45	0.035	0.45
0.2	0.035	0.45	0.035	0.45
0.299	0.035	0.45	0.035	0.45
0.4	0.035	0.45	0.035	0.45
0.5	0.04	0.45	0.04	0.45
0.6	0.035	0.45	0.035	0.45
0.7	0.035	0.45	0.035	0.45
0.8	0.035	0.45	0.035	0.45
0.9	0.035	0.45	0.035	0.45
1	0.035	0.45	0.035	0.45
1.1	0.035	0.45	0.035	0.45
1.2	0.035	0.45	0.035	0.45
1.3	0.035	0.45	0.035	0.45
1.4	0.025	0.55	0.025	0.55
1.5	0.04	0.7	0.04	0.7
1.6	0.025	0.95	0.025	0.95
1.7	0.035	1.1	0.035	1.1
1.799	0.025	1.3	0.025	1.3
1.9	0.04	1.5	0.04	1.5
2	0.03	1.7	0.03	1.7
2.1	0.04	1.9	0.04	1.9
2.2	0.03	2.1	0.03	2.1
2.3	0.04	2.3	0.04	2.3
2.4	0.035	2.5	0.035	2.5
2.5	0.04	2.65	0.04	2.65
2.6	0.035	2.85	0.035	2.85
2.7	0.04	3.05	0.04	3.05
2.8	0.035	3.25	0.035	3.25
2.9	0.04	3.45	0.04	3.45
3	0.035	3.6	0.035	3.6
3.1	0.04	3.8	0.04	3.8
3.2	0.035	4	0.035	4
3.299	0.03	4.2	0.03	4.2
3.4	0.035	4.35	0.035	4.35
3.5	0.04	4.6	0.04	4.6
3.6	0.035	4.8	0.035	4.8
3.7	0.035	4.95	0.035	4.95
3.8	0.04	5.15	0.04	5.15
3.9	0.035	5.35	0.035	5.35
4	0.045	5.55	0.045	5.55
4.099	0.04	5.75	0.04	5.75
4.199	0.055	5.95	0.055	5.95
4.3	0.06	6.15	0.06	6.15
4.399	0.075	6.3	0.075	6.3
4.499	0.075	6.55	0.075	6.55
4.599	0.09	6.7	0.09	6.7
4.699	0.09	6.9	0.09	6.9
4.799	0.1	7.1	0.1	7.1
4.899	0.085	7.3	0.085	7.3
4.999	0.09	7.5	0.09	7.5
5.099	0.08	7.65	0.08	7.65
5.199	0.085	7.9	0.085	7.9
5.299	0.07	8.05	0.07	8.05
5.399	0.075	8.25	0.075	8.25
5.499	0.065	8.45	0.065	8.45
5.599	0.075	8.65	0.075	8.65
5.699	0.07	8.8	0.07	8.8
5.799	0.085	9.05	0.085	9.05
5.9	0.085	9.25	0.085	9.25
6	0.105	9.4	0.105	9.4
6.1	0.12	9.6	0.12	9.6
6.2	0.145	9.8	0.145	9.8
6.3	0.165	10	0.165	10
6.4	0.2	10.15	0.2	10.15
6.5	0.235	10.4	0.235	10.4
6.6	0.285	10.55	0.285	10.55
6.7	0.32	10.75	0.32	10.75
6.8	0.38	10.95	0.38	10.95
6.9	0.43	11.15	0.43	11.15
7	0.485	11.35	0.485	11.35
7.1	0.525	11.55	0.525	11.55
7.2	0.515	11.7	0.515	11.7
7.3	0.47	11.9	0.47	11.9
7.4	0.4	12.1	0.4	12.1
7.5	0.335	12.3	0.335	12.3
7.6	0.275	12.5	0.275	12.5
7.7	0.22	12.7	0.22	12.7
7.8	0.18	12.9	0.18	12.9
7.9	0.155	13.1	0.155	13.1
8	0.14	13.3	0.14	13.3
8.1	0.14	13.5	0.14	13.5
8.2	0.145	13.65	0.145	13.65
8.3	0.17	13.85	0.17	13.85
8.4	0.195	14.05	0.195	14.05
8.5	0.245	14.25	0.245	14.25
8.6	0.295	14.4	0.295	14.4
8.7	0.36	14.6	0.36	14.6
8.8	0.44	14.85	0.44	14.85
8.9	0.52	15	0.52	15
9	0.6	15.2	0.6	15.2
9.1	0.72	15.4	0.72	15.4
9.2	0.825	15.6	0.825	15.6
9.3	0.95	15.75	0.95	15.75
9.4	1.085	16	1.085	16
9.5	1.21	16.15	1.21	16.15
9.6	1.28	16.35	1.28	16.35
9.7	1.255	16.55	1.255	16.55
9.8	1.07	16.75	1.07	16.75
9.9	0.875	16.95	0.875	16.95
10	0.69	17.15	0.69	17.15
10.1	0.525	17.35	0.525	17.35
10.2	0.395	17.5	0.395	17.5
10.3	0.3	17.7	0.3	17.7
10.4	0.23	17.9	0.23	17.9
10.5	0.21	18.1	0.21	18.1
10.6	0.21	18.3	0.21	18.3
10.7	0.245	18.45	0.245	18.45
10.8	0.29	18.7	0.29	18.7
10.9	0.36	18.85	0.36	18.85
11	0.445	19.05	0.445	19.05
11.1	0.565	19.25	0.565	19.25
11.2	0.68	19.45	0.68	19.45
11.3	0.82	19.65	0.82	19.65
11.4	0.99	19.85	0.99	19.85
11.5	1.16	20.05	1.16	20.05
11.6	1.34	20.2	1.34	20.2
11.7	1.555	20.45	1.555	20.45
11.8	1.74	20.6	1.74	20.6
11.9	1.965	20.8	1.965	20.8
12	2.17	20.95	2.17	20.95
12.1	2.335	21.2	2.335	21.2
12.2	2.305	21.35	2.305	21.35
12.3	2.07	21.55	2.07	21.55
12.4	1.645	21.8	1.645	21.8
12.5	1.285	21.95	1.285	21.95
12.6	0.99	22.15	0.99	22.15
12.7	0.695	22.35	0.695	22.35
12.8	0.51	22.55	0.51	22.55
12.9	0.4	22.75	0.4	22.75
13	0.335	22.95	0.335	22.95
13.1	0.33	23.1	0.33	23.1
13.2	0.37	23.3	0.37	23.3
13.3	0.445	23.5	0.445	23.5
13.4	0.57	23.7	0.57	23.7
13.5	0.695	23.9	0.695	23.9
13.6	0.845	24.05	0.845	24.05
13.7	1.045	24.25	1.045	24.25
13.8	1.27	24.45	1.27	24.45
13.9	1.48	24.65	1.48	24.65
14	1.765	24.85	1.765	24.85
14.1	2.03	25	2.03	25
14.2	2.33	25.2	2.33	25.2
14.3	2.625	25.4	2.625	25.4
14.4	2.99	25.6	2.99	25.6
14.5	3.285	25.8	3.285	25.8
14.6	3.51	26	3.51	26
14.7	3.57	26.2	3.57	26.2
14.8	3.36	26.4	3.36	26.4
14.9	2.94	26.55	2.94	26.55
15	2.405	26.75	2.405	26.75
15.1	1.945	26.95	1.945	26.95
15.2	1.495	27.15	1.495	27.15
15.3	1.06	27.35	1.06	27.35
15.4	0.81	27.55	0.81	27.55
15.5	0.66	27.7	0.66	27.7
15.6	0.57	27.9	0.57	27.9
15.7	0.57	28.1	0.57	28.1
15.8	0.63	28.3	0.63	28.3
15.9	0.745	28.45	0.745	28.45
16	0.945	28.7	0.945	28.7
16.1	1.155	28.9	1.155	28.9
16.2	1.4	29.05	1.4	29.05
16.3	1.72	29.3	1.72	29.3
16.4	2.03	29.45	2.03	29.45
16.5	2.36	29.65	2.36	29.65
16.6	2.725	29.85	2.725	29.85
16.7	3.15	30.05	3.15	30.05
16.8	3.53	30.25	3.53	30.25
16.9	3.975	30.45	3.975	30.45
17	4.465	30.65	4.465	30.65
17.1	4.815	30.8	4.815	30.8
17.2	4.985	31	4.985	31
17.3	4.875	31.2	4.875	31.2
17.4	4.55	31.4	4.55	31.4
17.5	4.11	31.6	4.11	31.6
17.6	3.51	31.8	3.51	31.8
17.7	2.89	31.95	2.89	31.95
17.8	2.28	32.15	2.28	32.15
17.9	1.795	32.35	1.795	32.35
18	1.405	32.55	1.405	32.55
18.1	1.155	32.75	1.155	32.75
18.2	1.025	32.95	1.025	32.95
18.3	1.025	33.15	1.025	33.15
18.4	1.105	33.35	1.105	33.35
18.5	1.25	33.55	1.25	33.55
18.6	1.5	33.75	1.5	33.75
18.7	1.785	33.9	1.785	33.9
18.8	2.115	34.1	2.115	34.1
18.9	2.555	34.3	2.555	34.3
19	2.995	34.5	2.995	34.5
19.1	3.475	34.7	3.475	34.7
19.2	3.975	34.85	3.975	34.85
19.3	4.6	35.1	4.6	35.1
19.4	5.17	35.25	5.17	35.25
19.5	5.755	35.45	5.755	35.45
19.6	6.325	35.65	6.325	35.65
19.7	6.72	35.85	6.72	35.85
19.8	6.87	36	6.87	36
19.9	6.745	36.25	6.745	36.25
20	6.42	36.4	6.42	36.4
20.1	5.915	36.6	5.915	36.6
20.2	5.25	36.8	5.25	36.8
20.3	4.405	37	4.405	37
20.4	3.735	37.2	3.735	37.2
20.5	3.15	37.4	3.15	37.4
20.6	2.61	37.6	2.61	37.6
20.699	2.245	37.8	2.245	37.8
20.8	2.05	37.95	2.05	37.95
20.9	1.98	38.15	1.98	38.15
21	2.04	38.35	2.04	38.35
21.1	2.225	38.55	2.225	38.55
21.2	2.55	38.75	2.55	38.75
21.3	2.92	38.95	2.92	38.95
21.4	3.365	39.15	3.365	39.15
21.5	3.89	39.3	3.89	39.3
21.6	4.58	39.5	4.58	39.5
21.7	5.28	39.7	5.28	39.7
21.8	6.02	39.9	6.02	39.9
21.899	6.935	40.1	6.935	40.1
21.999	7.74	40.3	7.74	40.3
22.099	8.55	40.45	8.55	40.45
22.199	8.665	40.5	8.665	40.5
22.299	8.67	40.5	8.67	40.5
22.4	8.665	40.5	8.665	40.5
22.499	8.675	40.5	8.675	40.5
22.599	8.68	40.5	8.68	40.5
22.699	8.69	40.5	8.69	40.5
22.799	8.695	40.5	8.695	40.5
22.899	8.7	40.5	8.7	40.5
22.999	8.715	40.5	8.715	40.5
23.099	8.71	40.5	8.71	40.5
23.199	8.72	40.5	8.72	40.5
23.299	8.73	40.5	8.73	40.5
23.399	8.73	40.5	8.73	40.5
23.499	8.735	40.5	8.735	40.5
23.599	8.745	40.5	8.745	40.5
23.699	8.745	40.5	8.745	40.5
23.799	8.76	40.5	8.76	40.5
23.899	8.765	40.5	8.765	40.5
24	8.775	40.5	8.775	40.5
24.099	8.795	40.5	8.795	40.5
24.199	8.795	40.5	8.795	40.5
24.299	8.8	40.5	8.8	40.5
24.399	8.805	40.5	8.805	40.5
24.499	8.815	40.5	8.815	40.5
24.599	8.825	40.5	8.825	40.5
24.699	8.835	40.5	8.835	40.5
24.799	8.83	40.5	8.83	40.5
24.899	8.83	40.5	8.83	40.5
24.999	8.835	40.5	8.835	40.5
25.099	8.84	40.5	8.84	40.5
25.199	8.85	40.5	8.85	40.5
25.299	8.86	40.5	8.86	40.5
25.399	8.87	40.5	8.87	40.5
25.499	8.87	40.5	8.87	40.5
25.599	8.88	40.5	8.88	40.5
25.699	8.89	40.5	8.89	40.5
25.799	8.88	40.5	8.88	40.5
25.899	8.895	40.5	8.895	40.5
25.999	8.9	40.5	8.9	40.5
26.099	8.9	40.5	8.9	40.5
26.199	8.915	40.5	8.915	40.5
26.299	8.91	40.5	8.91	40.5
26.399	8.925	40.5	8.925	40.5
26.499	8.935	40.5	8.935	40.5
26.599	8.925	40.5	8.925	40.5
26.699	8.935	40.5	8.935	40.5
26.799	8.935	40.5	8.935	40.5
26.899	8.945	40.5	8.945	40.5
26.999	8.955	40.5	8.955	40.5
27.099	8.965	40.5	8.965	40.5
27.199	8.97	40.5	8.97	40.5
27.299	8.975	40.5	8.975	40.5
27.399	8.98	40.5	8.98	40.5
27.499	8.98	40.5	8.98	40.5
27.599	8.985	40.5	8.985	40.5
27.699	8.99	40.5	8.99	40.5
27.799	8.99	40.5	8.99	40.5
27.899	9	40.5	9	40.5
27.999	9.005	40.5	9.005	40.5
28.099	9.005	40.5	9.005	40.5
28.199	9.015	40.5	9.015	40.5
28.3	9.01	40.5	9.01	40.5
28.399	9.025	40.5	9.025	40.5
28.499	9.03	40.5	9.03	40.5
28.599	9.035	40.5	9.035	40.5
28.699	9.045	40.5	9.045	40.5
28.799	9.05	40.5	9.05	40.5
28.899	9.06	40.5	9.06	40.5
28.999	9.065	40.5	9.065	40.5
29.1	0.04	0.45	0.04	0.45
29.199	0.04	0.45	0.04	0.45
29.299	0.04	0.45	0.04	0.45
29.399	0.045	0.45	0.045	0.45
29.5	0.04	0.45	0.04	0.45
29.6	0.04	0.45	0.04	0.45
29.699	0.04	0.45	0.04	0.45
29.799	0.04	0.45	0.04	0.45
29.899	0.04	0.45	0.04	0.45
29.999	0.04	0.45	0.04	0.45
30.099	0.035	0.45	0.035	0.45
30.2	0.04	0.45	0.04	0.45
30.3	0.04	0.45	0.04	0.45
30.4	0.045	0.45	0.045	0.45
30.5	0.04	0.45	0.04	0.45
30.6	0.045	0.45	0.045	0.45
30.7	0.045	0.45	0.045	0.45
30.8	0.04	0.45	0.04	0.45
30.9	0.04	0.45	0.04	0.45
31	0.04	0.45	0.04	0.45
31.1	0.04	0.45	0.04	0.45
31.2	0.045	0.45	0.045	0.45
31.3	0.04	0.45	0.04	0.45
31.4	0.045	0.45	0.045	0.45
31.5	0.04	0.45	0.04	0.45
31.6	0.045	0.45	0.045	0.45
31.7	0.04	0.45	0.04	0.45
31.8	0.045	0.45	0.045	0.45
31.9	0.045	0.45	0.045	0.45
32	0.045	0.45	0.045	0.45
32.1	0.04	0.45	0.04	0.45
32.2	0.04	0.45	0.04	0.45
32.3	0.04	0.45	0.04	0.45
32.4	0.04	0.45	0.04	0.45
32.5	0.04	0.45	0.04	0.45
32.6	0.04	0.45	0.04	0.45
32.7	0.04	0.45	0.04	0.45
32.8	0.04	0.45	0.04	0.45
32.9	0.04	0.45	0.04	0.45
33	0.04	0.45	0.04	0.45
33.1	0.04	0.45	0.04	0.45
33.2	0.04	0.45	0.04	0.45
33.3	0.04	0.45	0.04	0.45
33.4	0.04	0.45	0.04	0.45
33.5	0.04	0.45	0.04	0.45
33.6	0.04	0.45	0.04	0.45
33.7	0.04	0.45	0.04	0.45
33.8	0.04	0.45	0.04	0.45
33.9	0.04	0.45	0.04	0.45
34	0.04	0.45	0.04	0.45
34.1	0.04	0.45	0.04	0.45
34.2	0.04	0.45	0.04	0.45
34.3	0.04	0.45	0.04	0.45
34.4	0.04	0.45	0.04	0.45
34.5	0.04	0.45	0.04	0.45
34.6	0.04	0.45	0.04	0.45
34.7	0.045	0.45	0.045	0.45
34.8	0.045	0.45	0.045	0.45
34.9	0.045	0.45	0.045	0.45
35	0.04	0.45	0.04	0.45
35.1	0.045	0.45	0.045	0.45
35.2	0.04	0.45	0.04	0.45
35.3	0.04	0.45	0.04	0.45
35.4	0.04	0.45	0.04	0.45
35.5	0.04	0.45	0.04	0.45
35.6	0.04	0.45	0.04	0.45
35.7	0.04	0.45	0.04	0.45
35.8	0.04	0.45	0.04	0.45
35.9	0.045	0.45	0.045	0.45
36	0.04	0.45	0.04	0.45
36.1	0.04	0.45	0.04	0.45
36.2	0.045	0.45	0.045	0.45
36.3	0.045	0.45	0.045	0.45
36.4	0.045	0.45	0.045	0.45
36.5	0.045	0.45	0.045	0.45
36.6	0.045	0.45	0.045	0.45
36.7	0.04	0.45	0.04	0.45
36.8	0.04	0.45	0.04	0.45
36.9	0.045	0.45	0.045	0.45
37	0.04	0.45	0.04	0.45
37.1	0.04	0.45	0.04	0.45
37.2	0.04	0.45	0.04	0.45
37.3	0.045	0.45	0.045	0.45
37.4	0.04	0.45	0.04	0.45
37.5	0.045	0.45	0.045	0.45
37.6	0.04	0.45	0.04	0.45
37.7	0.04	0.45	0.04	0.45
37.8	0.04	0.45	0.04	0.45
37.9	0.04	0.45	0.04	0.45
38	0.045	0.45	0.045	0.45
38.1	0.04	0.45	0.04	0.45
38.2	0.04	0.45	0.04	0.45
38.3	0.045	0.45	0.045	0.45
38.4	0.04	0.45	0.04	0.45
38.5	0.04	0.45	0.04	0.45
38.6	0.04	0.45	0.04	0.45
38.7	0.04	0.45	0.04	0.45
38.8	0.04	0.45	0.04	0.45
38.9	0.04	0.45	0.04	0.45
39	0.04	0.45	0.04	0.45
39.1	0.04	0.45	0.04	0.45
39.2	0.045	0.45	0.045	0.45
39.3	0.04	0.45	0.04	0.45
39.4	0.04	0.45	0.04	0.45
39.5	0.04	0.45	0.04	0.45
39.599	0.04	0.45	0.04	0.45
39.7	0.04	0.45	0.04	0.45
39.799	0.04	0.45	0.04	0.45
39.899	0.04	0.45	0.04	0.45
39.999	0.04	0.45	0.04	0.45
40.099	0.04	0.45	0.04	0.45
40.199	0.04	0.45	0.04	0.45
40.299	0.04	0.45	0.04	0.45
40.399	0.04	0.45	0.04	0.45
40.499	0.04	0.45	0.04	0.45
40.599	0.04	0.45	0.04	0.45
40.699	0.04	0.45	0.04	0.45
40.799	0.04	0.45	0.04	0.45
40.899	0.04	0.45	0.04	0.45
40.999	0.04	0.45	0.04	0.45
41.099	0.04	0.45	0.04	0.45
41.199	0.04	0.45	0.04	0.45
41.299	0.04	0.45	0.04	0.45
41.399	0.04	0.45	0.04	0.45
41.499	0.04	0.45	0.04	0.45
41.599	0.04	0.45	0.04	0.45
41.699	0.04	0.45	0.04	0.45
41.799	0.04	0.45	0.04	0.45
41.899	0.04	0.45	0.04	0.45
41.999	0.04	0.45	0.04	0.45
42.099	0.04	0.45	0.04	0.45
42.199	0.04	0.45	0.04	0.45
42.299	0.04	0.45	0.04	0.45
42.399	0.04	0.45	0.04	0.45
42.499	0.04	0.45	0.04	0.45
42.599	0.04	0.45	0.04	0.45
42.699	0.04	0.45	0.04	0.45
42.799	0.035	0.45	0.035	0.45
42.899	0.04	0.45	0.04	0.45
42.999	0.04	0.45	0.04	0.45
43.099	0.04	0.45	0.04	0.45
43.199	0.04	0.45	0.04	0.45
43.299	0.04	0.45	0.04	0.45
43.399	0.04	0.45	0.04	0.45
43.499	0.04	0.45	0.04	0.45
43.599	0.04	0.45	0.04	0.45
43.699	0.04	0.45	0.04	0.45
43.799	0.04	0.45	0.04	0.45
43.899	0.04	0.45	0.04	0.45
43.999	0.035	0.45	0.035	0.45
44.099	0.04	0.45	0.04	0.45
44.199	0.04	0.45	0.04	0.45
44.299	0.04	0.45	0.04	0.45
44.399	0.04	0.45	0.04	0.45
44.499	0.04	0.45	0.04	0.45
44.599	0.04	0.45	0.04	0.45
44.699	0.04	0.45	0.04	0.45
44.799	0.04	0.45	0.04	0.45
44.899	0.04	0.45	0.04	0.45
44.999	0.04	0.45	0.04	0.45
45.099	0.04	0.45	0.04	0.45
45.199	0.04	0.45	0.04	0.45
45.299	0.04	0.45	0.04	0.45
45.399	0.04	0.45	0.04	0.45
45.499	0.04	0.45	0.04	0.45
45.599	0.04	0.45	0.04	0.45
45.699	0.04	0.45	0.04	0.45
45.799	0.04	0.45	0.04	0.45
45.899	0.04	0.45	0.04	0.45
45.999	0.035	0.45	0.035	0.45
46.099	0.04	0.45	0.04	0.45
46.199	0.035	0.45	0.035	0.45
46.299	0.04	0.45	0.04	0.45
46.399	0.035	0.45	0.035	0.45
46.499	0.04	0.45	0.04	0.45
46.599	0.035	0.45	0.035	0.45
46.699	0.035	0.45	0.035	0.45
46.799	0.035	0.45	0.035	0.45
46.899	0.04	0.45	0.04	0.45
46.999	0.035	0.45	0.035	0.45
47.099	0.04	0.45	0.04	0.45
47.199	0.035	0.45	0.035	0.45
47.299	0.035	0.45	0.035	0.45
47.399	0.035	0.45	0.035	0.45
47.499	0.035	0.45	0.035	0.45
47.599	0.04	0.45	0.04	0.45
47.699	0.04	0.45	0.04	0.45
47.799	0.035	0.45	0.035	0.45
47.899	0.035	0.45	0.035	0.45
47.999	0.035	0.45	0.035	0.45
48.099	0.04	0.45	0.04	0.45
48.199	0.04	0.45	0.04	0.45
48.299	0.04	0.45	0.04	0.45
48.399	0.04	0.45	0.04	0.45
48.499	0.035	0.45	0.035	0.45
48.599	0.035	0.45	0.035	0.45
48.699	0.04	0.45	0.04	0.45
48.799	0.04	0.45	0.04	0.45
48.899	0.04	0.45	0.04	0.45
48.999	0.04	0.45	0.04	0.45
49.099	0.04	0.45	0.04	0.45
49.199	0.04	0.45	0.04	0.45
49.299	0.035	0.45	0.035	0.45
49.399	0.04	0.45	0.04	0.45
49.499	0.035	0.45	0.035	0.45
49.599	0.035	0.45	0.035	0.45
49.699	0.035	0.45	0.035	0.45
49.799	0.035	0.45	0.035	0.45
49.899	0.035	0.45	0.035	0.45
49.999	0.035	0.45	0.035	0.45
