MIN=0	0	0	0	0
MAX=50	10	10	10	70
SCALE=50	5	5	5	10
DEC=1	2	2	2	2
DEF="Time" t / s	"Voltage" U_A1 / V	"Voltage" U_B1 / V	"Anode" U_A / V	"Acceleration voltage" U_B / V
0	0.045	0.75	0.045	0.75
0.099	0.045	0.75	0.045	0.75
0.2	0.045	0.75	0.045	0.75
0.299	0.045	0.75	0.045	0.75
0.4	0.045	0.75	0.045	0.75
0.5	0.045	0.95	0.045	0.95
0.6	0.04	1.1	0.04	1.1
0.699	0.045	1.3	0.045	1.3
0.799	0.04	1.5	0.04	1.5
0.9	0.045	1.7	0.045	1.7
1	0.04	1.9	0.04	1.9
1.1	0.045	2.1	0.045	2.1
1.199	0.04	2.3	0.04	2.3
1.3	0.045	2.5	0.045	2.5
1.4	0.04	2.65	0.04	2.65
1.499	0.045	2.85	0.045	2.85
1.6	0.04	3.05	0.04	3.05
1.699	0.045	3.2	0.045	3.2
1.8	0.035	3.45	0.035	3.45
1.9	0.045	3.6	0.045	3.6
2	0.035	3.8	0.035	3.8
2.101	0.045	4	0.045	4
2.199	0.04	4.2	0.04	4.2
2.299	0.045	4.35	0.045	4.35
2.4	0.04	4.55	0.04	4.55
2.499	0.045	4.8	0.045	4.8
2.599	0.04	4.95	0.04	4.95
2.7	0.045	5.15	0.045	5.15
2.8	0.045	5.35	0.045	5.35
2.9	0.05	5.55	0.05	5.55
3	0.045	5.75	0.045	5.75
3.1	0.05	5.95	0.05	5.95
3.2	0.05	6.15	0.05	6.15
3.3	0.055	6.35	0.055	6.35
3.4	0.055	6.5	0.055	6.5
3.5	0.06	6.7	0.06	6.7
3.6	0.055	6.9	0.055	6.9
3.7	0.06	7.1	0.06	7.1
3.8	0.055	7.3	0.055	7.3
3.9	0.06	7.5	0.06	7.5
4	0.055	7.65	0.055	7.65
4.1	0.055	7.9	0.055	7.9
4.2	0.05	8.05	0.05	8.05
4.3	0.05	8.25	0.05	8.25
4.4	0.05	8.45	0.05	8.45
4.5	0.04	8.65	0.04	8.65
4.6	0.05	8.8	0.05	8.8
4.7	0.045	9.05	0.045	9.05
4.8	0.045	9.2	0.045	9.2
4.9	0.04	9.4	0.04	9.4
5	0.05	9.6	0.05	9.6
5.1	0.045	9.8	0.045	9.8
5.2	0.055	10	0.055	10
5.3	0.055	10.2	0.055	10.2
5.4	0.075	10.35	0.075	10.35
5.5	0.085	10.55	0.085	10.55
5.6	0.115	10.75	0.115	10.75
5.7	0.14	10.95	0.14	10.95
5.8	0.175	11.15	0.175	11.15
5.9	0.205	11.35	0.205	11.35
6	0.245	11.55	0.245	11.55
6.1	0.25	11.7	0.25	11.7
6.2	0.24	11.9	0.24	11.9
6.3	0.205	12.1	0.205	12.1
6.4	0.17	12.3	0.17	12.3
6.5	0.145	12.5	0.145	12.5
6.6	0.12	12.65	0.12	12.65
6.7	0.1	12.9	0.1	12.9
6.8	0.09	13.1	0.09	13.1
6.9	0.075	13.3	0.075	13.3
7	0.07	13.5	0.07	13.5
7.1	0.06	13.7	0.06	13.7
7.2	0.06	13.85	0.06	13.85
7.3	0.055	14.05	0.055	14.05
7.4	0.055	14.25	0.055	14.25
7.5	0.055	14.45	0.055	14.45
7.6	0.06	14.6	0.06	14.6
7.7	0.08	14.85	0.08	14.85
7.8	0.105	15	0.105	15
7.9	0.14	15.2	0.14	15.2
8	0.19	15.45	0.19	15.45
8.1	0.25	15.6	0.25	15.6
8.2	0.325	15.75	0.325	15.75
8.3	0.425	16	0.425	16
8.4	0.515	16.15	0.515	16.15
8.5	0.605	16.35	0.605	16.35
8.6	0.645	16.55	0.645	16.55
8.706	0.585	16.75	0.585	16.75
8.801	0.485	16.95	0.485	16.95
8.9	0.38	17.1	0.38	17.1
9	0.285	17.35	0.285	17.35
9.1	0.22	17.55	0.22	17.55
9.2	0.165	17.7	0.165	17.7
9.3	0.125	17.9	0.125	17.9
9.4	0.095	18.1	0.095	18.1
9.5	0.08	18.3	0.08	18.3
9.6	0.065	18.5	0.065	18.5
9.7	0.06	18.7	0.06	18.7
9.8	0.055	18.85	0.055	18.85
9.9	0.055	19.05	0.055	19.05
10	0.055	19.25	0.055	19.25
10.1	0.075	19.45	0.075	19.45
10.2	0.105	19.6	0.105	19.6
10.3	0.17	19.85	0.17	19.85
10.4	0.23	20	0.23	20
10.5	0.325	20.2	0.325	20.2
10.599	0.45	20.45	0.45	20.45
10.7	0.59	20.6	0.59	20.6
10.805	0.745	20.8	0.745	20.8
10.9	0.92	20.95	0.92	20.95
11	1.085	21.15	1.085	21.15
11.1	1.185	21.35	1.185	21.35
11.2	1.165	21.55	1.165	21.55
11.3	0.995	21.75	0.995	21.75
11.4	0.795	21.95	0.795	21.95
11.5	0.61	22.15	0.61	22.15
11.6	0.44	22.35	0.44	22.35
11.7	0.315	22.55	0.315	22.55
11.8	0.225	22.75	0.225	22.75
11.9	0.165	22.95	0.165	22.95
12	0.12	23.15	0.12	23.15
12.1	0.095	23.3	0.095	23.3
12.2	0.075	23.5	0.075	23.5
12.3	0.065	23.7	0.065	23.7
12.4	0.065	23.9	0.065	23.9
12.5	0.07	24.05	0.07	24.05
12.6	0.095	24.3	0.095	24.3
12.7	0.14	24.45	0.14	24.45
12.8	0.21	24.65	0.21	24.65
12.9	0.325	24.85	0.325	24.85
13	0.455	25.05	0.455	25.05
13.1	0.615	25.25	0.615	25.25
13.2	0.84	25.45	0.84	25.45
13.3	1.07	25.6	1.07	25.6
13.4	1.32	25.8	1.32	25.8
13.5	1.57	26	1.57	26
13.6	1.775	26.2	1.775	26.2
13.7	1.835	26.4	1.835	26.4
13.8	1.735	26.55	1.735	26.55
13.9	1.49	26.75	1.49	26.75
14	1.245	26.95	1.245	26.95
14.1	1.005	27.15	1.005	27.15
14.2	0.725	27.35	0.725	27.35
14.3	0.525	27.55	0.525	27.55
14.4	0.39	27.7	0.39	27.7
14.5	0.285	27.9	0.285	27.9
14.6	0.195	28.15	0.195	28.15
14.7	0.15	28.3	0.15	28.3
14.8	0.12	28.5	0.12	28.5
14.9	0.095	28.7	0.095	28.7
15	0.095	28.9	0.095	28.9
15.1	0.125	29.05	0.125	29.05
15.2	0.18	29.3	0.18	29.3
15.3	0.27	29.5	0.27	29.5
15.4	0.39	29.65	0.39	29.65
15.5	0.58	29.9	0.58	29.9
15.6	0.78	30.05	0.78	30.05
15.7	1.025	30.25	1.025	30.25
15.8	1.295	30.45	1.295	30.45
15.9	1.675	30.65	1.675	30.65
16	2.02	30.8	2.02	30.8
16.1	2.325	31	2.325	31
16.2	2.54	31.2	2.54	31.2
16.3	2.545	31.4	2.545	31.4
16.4	2.42	31.6	2.42	31.6
16.5	2.19	31.8	2.19	31.8
16.6	1.92	32	1.92	32
16.699	1.585	32.15	1.585	32.15
16.8	1.195	32.35	1.195	32.35
16.9	0.935	32.55	0.935	32.55
17	0.715	32.75	0.715	32.75
17.1	0.525	32.9	0.525	32.9
17.2	0.375	33.15	0.375	33.15
17.3	0.29	33.35	0.29	33.35
17.4	0.23	33.5	0.23	33.5
17.5	0.195	33.75	0.195	33.75
17.6	0.2	33.9	0.2	33.9
17.7	0.235	34.1	0.235	34.1
17.8	0.325	34.3	0.325	34.3
17.9	0.46	34.45	0.46	34.45
18	0.635	34.65	0.635	34.65
18.1	0.88	34.85	0.88	34.85
18.2	1.225	35.05	1.225	35.05
18.3	1.59	35.25	1.59	35.25
18.4	2.005	35.45	2.005	35.45
18.501	2.54	35.65	2.54	35.65
18.6	2.945	35.85	2.945	35.85
18.7	3.305	36.05	3.305	36.05
18.8	3.565	36.2	3.565	36.2
18.9	3.62	36.4	3.62	36.4
19	3.55	36.6	3.55	36.6
19.1	3.31	36.8	3.31	36.8
19.2	2.97	37	2.97	37
19.299	2.56	37.2	2.56	37.2
19.399	2.165	37.4	2.165	37.4
19.499	1.765	37.6	1.765	37.6
19.599	1.435	37.8	1.435	37.8
19.7	1.14	37.95	1.14	37.95
19.799	0.885	38.15	0.885	38.15
19.899	0.715	38.35	0.715	38.35
19.999	0.585	38.55	0.585	38.55
20.099	0.51	38.75	0.51	38.75
20.199	0.505	38.95	0.505	38.95
20.299	0.535	39.1	0.535	39.1
20.399	0.66	39.3	0.66	39.3
20.499	0.85	39.5	0.85	39.5
20.599	1.12	39.7	1.12	39.7
20.699	1.475	39.85	1.475	39.85
20.799	1.995	40.1	1.995	40.1
20.899	2.545	40.25	2.545	40.25
20.999	3.145	40.45	3.145	40.45
21.099	3.89	40.65	3.89	40.65
21.199	4.265	40.8	4.265	40.8
21.3	4.265	40.8	4.265	40.8
21.399	4.27	40.8	4.27	40.8
21.499	4.28	40.8	4.28	40.8
21.599	4.275	40.75	4.275	40.75
21.699	4.28	40.75	4.28	40.75
21.799	4.28	40.75	4.28	40.75
21.899	4.29	40.8	4.29	40.8
21.999	4.3	40.8	4.3	40.8
22.099	4.305	40.8	4.305	40.8
22.199	4.305	40.75	4.305	40.75
22.299	4.315	40.8	4.315	40.8
22.4	4.315	40.8	4.315	40.8
22.499	4.315	40.75	4.315	40.75
22.599	4.325	40.75	4.325	40.75
22.699	4.32	40.75	4.32	40.75
22.799	4.34	40.8	4.34	40.8
22.899	4.34	40.8	4.34	40.8
22.999	4.35	40.8	4.35	40.8
23.099	4.35	40.8	4.35	40.8
23.199	4.35	40.8	4.35	40.8
23.307	4.35	40.75	4.35	40.75
23.399	4.36	40.8	4.36	40.8
23.499	4.365	40.75	4.365	40.75
23.599	4.365	40.8	4.365	40.8
23.699	4.375	40.8	4.375	40.8
23.799	4.38	40.8	4.38	40.8
23.899	4.385	40.8	4.385	40.8
23.999	4.39	40.75	4.39	40.75
24.099	4.39	40.8	4.39	40.8
24.199	4.395	40.75	4.395	40.75
24.299	4.395	40.75	4.395	40.75
24.399	0.055	0.75	0.055	0.75
24.499	0.04	0.75	0.04	0.75
24.599	0.04	0.75	0.04	0.75
