# Strom: -0.07 A
# Magnetfeld: 0 mT
# Schnitt bei (739,474)
# Mittelung: 1 Pixel
# Magnetfeldsensor unkalibriertPixel ; Red Value
1;631
2;664
3;697
4;799
5;901
6;1033
7;1166
8;1366
9;1567
10;1730
11;1894
12;2041
13;2188
14;2340
15;2493
16;2571
17;2650
18;2601
19;2552
20;2515
21;2479
22;2325
23;2171
24;1929
25;1687
26;1478
27;1270
28;1125
29;981
30;909
31;837
32;771
33;706
34;685
35;664
36;653
37;642
38;637
39;633
40;638
41;644
42;686
43;729
44;824
45;919
46;1050
47;1181
48;1313
49;1445
50;1601
51;1758
52;1927
53;2097
54;2309
55;2521
56;2627
57;2734
58;2727
59;2721
60;2627
61;2533
62;2453
63;2373
64;2189
65;2005
66;1802
67;1600
68;1436
69;1272
70;1128
71;984
72;919
73;855
74;797
75;740
76;716
77;693
78;667
79;642
80;650
81;658
82;668
83;678
84;691
85;704
86;743
87;782
88;894
89;1006
90;1173
91;1341
92;1486
93;1631
94;1787
95;1944
96;2137
97;2331
98;2499
99;2668
100;2783
101;2899
102;2847
103;2796
104;2703
105;2610
106;2506
107;2402
108;2275
109;2149
110;1960
111;1772
112;1565
113;1359
114;1227
115;1095
116;973
117;851
118;815
119;779
120;741
121;704
122;675
123;646
124;653
125;660
126;662
127;664
128;678
129;693
130;719
131;746
132;788
133;831
134;939
135;1048
136;1184
137;1321
138;1452
139;1583
140;1779
141;1975
142;2123
143;2271
144;2417
145;2563
146;2745
147;2928
148;2957
149;2987
150;2947
151;2908
152;2781
153;2655
154;2567
155;2479
156;2283
157;2087
158;1909
159;1732
160;1535
161;1339
162;1222
163;1106
164;1008
165;911
166;866
167;822
168;789
169;757
170;730
171;704
172;693
173;682
174;677
175;673
176;672
177;671
178;697
179;724
180;766
181;808
182;853
183;899
184;1027
185;1155
186;1279
187;1403
188;1557
189;1712
190;1831
191;1951
192;2101
193;2251
194;2420
195;2590
196;2713
197;2836
198;2937
199;3038
200;3032
201;3027
202;2965
203;2903
204;2835
205;2768
206;2598
207;2428
208;2301
209;2175
210;1968
211;1762
212;1584
213;1407
214;1305
215;1203
216;1107
217;1012
218;951
219;891
220;864
221;837
222;810
223;784
224;760
225;737
226;730
227;724
228;730
229;737
230;733
231;729
232;741
233;753
234;783
235;813
236;858
237;904
238;988
239;1073
240;1167
241;1261
242;1425
243;1589
244;1711
245;1834
246;1989
247;2144
248;2292
249;2441
250;2552
251;2663
252;2792
253;2921
254;2996
255;3072
256;3089
257;3107
258;3073
259;3039
260;2952
261;2865
262;2760
263;2655
264;2523
265;2391
266;2221
267;2051
268;1907
269;1763
270;1593
271;1423
272;1336
273;1250
274;1154
275;1059
276;993
277;928
278;889
279;851
280;849
281;848
282;817
283;786
284;787
285;788
286;777
287;766
288;757
289;749
290;785
291;822
292;826
293;831
294;850
295;870
296;908
297;946
298;982
299;1019
300;1112
301;1205
302;1338
303;1472
304;1607
305;1742
306;1820
307;1898
308;2046
309;2195
310;2304
311;2413
312;2520
313;2628
314;2752
315;2876
316;2970
317;3065
318;3104
319;3143
320;3148
321;3154
322;3112
323;3070
324;3051
325;3032
326;2942
327;2852
328;2767
329;2683
330;2531
331;2379
332;2228
333;2078
334;1963
335;1849
336;1684
337;1519
338;1419
339;1319
340;1249
341;1179
342;1141
343;1103
344;1060
345;1017
346;969
347;921
348;885
349;850
350;872
351;895
352;863
353;831
354;838
355;846
356;845
357;844
358;836
359;828
360;861
361;895
362;884
363;873
364;895
365;917
366;935
367;953
368;976
369;999
370;1094
371;1190
372;1235
373;1281
374;1386
375;1492
376;1607
377;1722
378;1829
379;1936
380;2077
381;2218
382;2302
383;2386
384;2453
385;2521
386;2659
387;2797
388;2874
389;2952
390;3046
391;3140
392;3154
393;3169
394;3209
395;3249
396;3240
397;3232
398;3237
399;3243
400;3171
401;3099
402;3056
403;3014
404;2981
405;2948
406;2821
407;2695
408;2589
409;2484
410;2347
411;2211
412;2093
413;1976
414;1850
415;1725
416;1635
417;1545
418;1472
419;1399
420;1359
421;1319
422;1241
423;1163
424;1123
425;1084
426;1039
427;995
428;1012
429;1030
430;1013
431;997
432;932
433;868
434;883
435;899
436;920
437;942
438;929
439;917
440;921
441;926
442;927
443;928
444;930
445;932
446;925
447;919
448;917
449;915
450;942
451;970
452;995
453;1021
454;1026
455;1032
456;1066
457;1101
458;1157
459;1214
460;1264
461;1314
462;1384
463;1454
464;1497
465;1541
466;1657
467;1774
468;1895
469;2016
470;2080
471;2144
472;2193
473;2242
474;2359
475;2477
476;2528
477;2579
478;2628
479;2677
480;2752
481;2828
482;2969
483;3110
484;3110
485;3110
486;3234
487;3358
488;3390
489;3422
490;3434
491;3447
492;3425
493;3403
494;3350
495;3298
496;3250
497;3203
498;3197
499;3191
500;3173
501;3156
502;3130
503;3105
504;3081
505;3058
506;3018
507;2978
508;2879
509;2781
510;2705
511;2630
512;2537
513;2444
514;2369
515;2295
516;2216
517;2137
518;2028
519;1920
520;1838
521;1756
522;1705
523;1654
524;1601
525;1549
526;1471
527;1394
528;1385
529;1377
530;1338
531;1299
532;1247
533;1195
534;1171
535;1148
536;1131
537;1115
538;1083
539;1052
540;1060
541;1068
542;1045
543;1023
544;1036
545;1050
546;1011
547;973
548;994
549;1015
550;992
551;970
552;965
553;961
554;948
555;935
556;942
557;950
558;960
559;970
560;953
561;937
562;929
563;921
564;936
565;952
566;982
567;1013
568;982
569;952
570;959
571;966
572;958
573;950
574;970
575;990
576;1011
577;1033
578;1017
579;1001
580;1019
581;1037
582;1021
583;1006
584;1050
585;1094
586;1101
587;1108
588;1107
589;1106
590;1132
591;1159
592;1175
593;1192
594;1208
595;1225
596;1256
597;1288
598;1319
599;1350
600;1424
601;1499
602;1514
603;1529
604;1559
605;1589
606;1679
607;1769
608;1776
609;1783
610;1852
611;1922
612;1978
613;2035
614;2105
615;2175
616;2210
617;2246
618;2265
619;2284
620;2349
621;2415
622;2418
623;2422
624;2432
625;2442
626;2483
627;2524
628;2535
629;2546
630;2580
631;2615
632;2636
633;2657
634;2668
635;2679
636;2707
637;2735
638;2780
639;2826
640;2851
641;2876
642;2911
643;2947
644;2997
645;3047
646;3051
647;3056
648;3079
649;3103
650;3171
651;3240
652;3266
653;3292
654;3291
655;3291
656;3366
657;3442
658;3481
659;3520
660;3500
661;3480
662;3523
663;3567
664;3531
665;3495
666;3537
667;3580
668;3561
669;3542
670;3531
671;3520
672;3512
673;3504
674;3506
675;3509
676;3483
677;3458
678;3468
679;3478
680;3495
681;3513
682;3483
683;3453
684;3424
685;3396
686;3390
687;3385
688;3347
689;3309
690;3340
691;3371
692;3325
693;3280
694;3271
695;3263
696;3227
697;3191
698;3220
699;3249
700;3203
701;3158
702;3189
703;3221
704;3193
705;3165
706;3181
707;3198
708;3183
709;3169
710;3115
711;3061
712;3091
713;3121
714;3095
715;3070
716;3116
717;3163
718;3156
719;3150
720;3143
721;3136
722;3110
723;3085
724;3096
725;3107
726;3098
727;3089
728;3089
729;3089
730;3083
731;3078
732;3084
733;3090
734;3085
735;3081
736;3069
737;3058
738;3071
739;3085
740;3103
741;3121
742;3114
743;3107
744;3077
745;3047
746;3108
747;3170
748;3195
749;3221
750;3166
751;3112
752;3105
753;3099
754;3091
755;3083
756;3071
757;3059
758;3095
759;3132
760;3118
761;3105
762;3108
763;3112
764;3121
765;3130
766;3100
767;3070
768;3044
769;3019
770;3083
771;3147
772;3114
773;3081
774;3118
775;3156
776;3144
777;3132
778;3119
779;3107
780;3157
781;3207
782;3162
783;3118
784;3155
785;3192
786;3173
787;3154
788;3160
789;3167
790;3181
791;3196
792;3229
793;3263
794;3259
795;3256
796;3250
797;3245
798;3310
799;3376
800;3374
801;3373
802;3398
803;3424
804;3423
805;3422
806;3451
807;3480
808;3484
809;3489
810;3490
811;3491
812;3492
813;3493
814;3468
815;3444
816;3484
817;3525
818;3516
819;3507
820;3480
821;3454
822;3410
823;3367
824;3365
825;3363
826;3326
827;3289
828;3201
829;3114
830;3083
831;3052
832;2971
833;2890
834;2881
835;2872
836;2856
837;2841
838;2785
839;2730
840;2720
841;2710
842;2702
843;2695
844;2618
845;2541
846;2531
847;2521
848;2524
849;2528
850;2474
851;2421
852;2426
853;2431
854;2432
855;2433
856;2406
857;2379
858;2315
859;2251
860;2256
861;2262
862;2174
863;2086
864;2077
865;2069
866;1979
867;1889
868;1825
869;1762
870;1700
871;1638
872;1585
873;1532
874;1489
875;1447
876;1392
877;1337
878;1311
879;1285
880;1235
881;1186
882;1140
883;1095
884;1063
885;1032
886;1036
887;1041
888;993
889;946
890;937
891;928
892;892
893;857
894;824
895;791
896;804
897;817
898;819
899;822
900;815
901;808
902;790
903;773
904;780
905;788
906;777
907;766
908;767
909;768
910;757
911;746
912;751
913;757
914;735
915;713
916;734
917;755
918;739
919;724
920;744
921;764
922;742
923;720
924;746
925;773
926;746
927;719
928;726
929;733
930;732
931;731
932;740
933;749
934;767
935;786
936;790
937;795
938;805
939;815
940;815
941;815
942;838
943;861
944;905
945;950
946;938
947;926
948;931
949;937
950;988
951;1039
952;1082
953;1126
954;1165
955;1205
956;1266
957;1328
958;1400
959;1472
960;1545
961;1618
962;1718
963;1818
964;1926
965;2035
966;2143
967;2251
968;2366
969;2482
970;2537
971;2593
972;2675
973;2757
974;2823
975;2890
976;2892
977;2894
978;2896
979;2899
980;2915
981;2932
982;2942
983;2952
984;3061
985;3170
986;3195
987;3221
988;3256
989;3292
990;3308
991;3325
992;3348
993;3371
994;3272
995;3174
996;3045
997;2917
998;2806
999;2695
1000;2636
1001;2577
1002;2495
1003;2413
1004;2393
1005;2373
1006;2305
1007;2238
1008;2182
1009;2127
1010;2001
1011;1876
1012;1762
1013;1649
1014;1547
1015;1445
1016;1340
1017;1235
1018;1166
1019;1097
1020;1041
1021;986
1022;942
1023;899
1024;882
1025;866
1026;827
1027;788
1028;763
1029;739
1030;731
1031;724
1032;711
1033;699
1034;696
1035;693
1036;700
1037;708
1038;696
1039;684
1040;681
1041;678
1042;688
1043;699
1044;706
1045;713
1046;719
1047;726
1048;740
1049;755
1050;758
1051;762
1052;756
1053;751
1054;796
1055;842
1056;866
1057;891
1058;935
1059;979
1060;1023
1061;1068
1062;1135
1063;1203
1064;1298
1065;1394
1066;1535
1067;1676
1068;1802
1069;1929
1070;2144
1071;2360
1072;2513
1073;2666
1074;2702
1075;2739
1076;2811
1077;2883
1078;2830
1079;2777
1080;2852
1081;2928
1082;2943
1083;2959
1084;3085
1085;3211
1086;3256
1087;3302
1088;3282
1089;3263
1090;3081
1091;2899
1092;2759
1093;2619
1094;2558
1095;2497
1096;2434
1097;2371
1098;2304
1099;2238
1100;2097
1101;1956
1102;1815
1103;1674
1104;1502
1105;1330
1106;1200
1107;1070
1108;1011
1109;952
1110;891
1111;831
1112;818
1113;806
1114;751
1115;697
1116;697
1117;697
1118;677
1119;658
1120;671
1121;684
1122;679
1123;675
1124;677
1125;680
1126;683
1127;686
1128;679
1129;673
1130;678
1131;684
1132;712
1133;740
1134;761
1135;782
1136;802
1137;822
1138;885
1139;948
1140;990
1141;1033
1142;1163
1143;1294
1144;1431
1145;1569
1146;1739
1147;1909
1148;2094
1149;2280
1150;2441
1151;2603
1152;2660
1153;2717
1154;2729
1155;2741
1156;2779
1157;2817
1158;2914
1159;3012
1160;3055
1161;3099
1162;3163
1163;3227
1164;3065
1165;2903
1166;2726
1167;2550
1168;2425
1169;2300
1170;2211
1171;2122
1172;2018
1173;1914
1174;1777
1175;1640
1176;1462
1177;1285
1178;1170
1179;1055
1180;974
1181;893
1182;842
1183;791
1184;745
1185;700
1186;688
1187;677
1188;671
1189;666
1190;655
1191;644
1192;638
1193;633
1194;631
1195;629
1196;643
1197;658
1198;659
1199;660
1200;686
1201;713
1202;740
1203;768
1204;822
1205;877
1206;956
1207;1035
1208;1154
1209;1274
1210;1418
1211;1563
1212;1784
1213;2005
1214;2202
1215;2399
1216;2537
1217;2675
1218;2728
1219;2781
1220;2742
1221;2703
1222;2807
1223;2912
1224;3004
1225;3096
1226;3036
1227;2976
1228;2809
1229;2643
1230;2499
1231;2355
1232;2243
1233;2131
1234;1996
1235;1862
1236;1709
1237;1556
1238;1385
1239;1214
1240;1078
1241;942
1242;865
1243;788
1244;768
1245;749
1246;697
1247;646
1248;634
1249;622
1250;628
1251;635
1252;640
1253;646
1254;624
1255;602
1256;604
1257;606
1258;663
1259;720
1260;743
1261;766
1262;814
1263;862
1264;944
1265;1026
1266;1144
1267;1263
1268;1436
1269;1609
1270;1872
1271;2135
1272;2315
1273;2495
1274;2558
1275;2621
1276;2657
1277;2694
1278;2758
1279;2823
1280;2956
1281;3089
1282;3036
1283;2983
1284;2762
1285;2541
1286;2427
1287;2313
1288;2156
1289;2000
1290;1870
1291;1740
1292;1522
1293;1305
1294;1133
1295;962
1296;876
1297;790
1298;748
1299;706
1300;664
1301;622
1302;609
1303;597
1304;602
1305;607
1306;623
1307;640
1308;620
1309;600
1310;644
1311;688
1312;679
1313;671
1314;755
1315;839
1316;877
1317;915
1318;1070
1319;1225
1320;1408
1321;1592
1322;1826
1323;2060
1324;2274
1325;2488
1326;2596
1327;2704
1328;2719
1329;2734
1330;2816
1331;2899
1332;2952
1333;3005
1334;2860
1335;2715
1336;2469
1337;2224
1338;2148
1339;2073
1340;1895
1341;1718
1342;1484
1343;1250
1344;1084
1345;919
1346;830
1347;742
1348;715
1349;688
1350;644
1351;600
1352;598
1353;597
1354;587
1355;577
1356;594
1357;611
1358;625
1359;640
1360;673
1361;706
1362;749
1363;793
1364;866
1365;939
1366;1103
1367;1268
1368;1268
