# Strom: 0.09 A
# Magnetfeld: 0 mT
# Schnitt bei (739,474)
# Mittelung: 1 Pixel
# Magnetfeldsensor unkalibriertPixel ; Red Value
1;469
2;490
3;511
4;578
5;646
6;750
7;855
8;1157
9;1459
10;1704
11;1949
12;1888
13;1827
14;1737
15;1647
16;1772
17;1898
18;1970
19;2042
20;1841
21;1641
22;1392
23;1143
24;983
25;824
26;753
27;682
28;621
29;560
30;533
31;507
32;492
33;478
34;462
35;447
36;452
37;458
38;469
39;480
40;479
41;478
42;496
43;515
44;559
45;604
46;711
47;819
48;1068
49;1317
50;1579
51;1842
52;1903
53;1964
54;1868
55;1772
56;1770
57;1769
58;1949
59;2129
60;2042
61;1955
62;1772
63;1589
64;1347
65;1106
66;940
67;775
68;698
69;622
70;593
71;564
72;554
73;544
74;524
75;504
76;497
77;491
78;482
79;473
80;471
81;469
82;483
83;498
84;514
85;531
86;557
87;584
88;656
89;728
90;862
91;997
92;1274
93;1552
94;1788
95;2024
96;2011
97;1998
98;1874
99;1751
100;1802
101;1853
102;1974
103;2095
104;2083
105;2071
106;1840
107;1610
108;1370
109;1130
110;1006
111;882
112;782
113;682
114;646
115;611
116;564
117;518
118;512
119;507
120;485
121;464
122;467
123;471
124;471
125;471
126;470
127;469
128;499
129;529
130;537
131;546
132;564
133;582
134;625
135;669
136;827
137;986
138;1262
139;1539
140;1763
141;1987
142;2035
143;2084
144;1955
145;1827
146;1830
147;1833
148;1965
149;2098
150;2153
151;2208
152;2067
153;1927
154;1684
155;1441
156;1242
157;1043
158;912
159;782
160;735
161;689
162;645
163;602
164;584
165;567
166;530
167;493
168;499
169;506
170;505
171;504
172;485
173;466
174;459
175;453
176;484
177;516
178;504
179;493
180;547
181;602
182;615
183;628
184;689
185;751
186;866
187;982
188;1275
189;1569
190;1802
191;2036
192;2087
193;2138
194;2052
195;1967
196;1937
197;1907
198;1938
199;1969
200;2097
201;2226
202;2228
203;2231
204;2032
205;1833
206;1606
207;1379
208;1206
209;1033
210;917
211;802
212;745
213;689
214;655
215;622
216;592
217;562
218;544
219;527
220;523
221;520
222;506
223;493
224;501
225;509
226;502
227;495
228;476
229;458
230;477
231;496
232;517
233;538
234;564
235;591
236;595
237;600
238;655
239;711
240;789
241;868
242;1059
243;1250
244;1551
245;1853
246;2043
247;2233
248;2202
249;2171
250;2073
251;1975
252;1902
253;1829
254;1892
255;1956
256;2050
257;2144
258;2228
259;2313
260;2200
261;2087
262;1840
263;1594
264;1407
265;1221
266;1080
267;939
268;851
269;764
270;722
271;680
272;643
273;607
274;593
275;580
276;552
277;524
278;509
279;495
280;485
281;475
282;491
283;507
284;491
285;475
286;484
287;493
288;503
289;513
290;533
291;553
292;537
293;522
294;544
295;567
296;605
297;644
298;668
299;693
300;747
301;802
302;898
303;995
304;1157
305;1319
306;1586
307;1853
308;2051
309;2249
310;2261
311;2273
312;2184
313;2095
314;1994
315;1893
316;1927
317;1962
318;2010
319;2058
320;2152
321;2246
322;2339
323;2433
324;2280
325;2127
326;1934
327;1742
328;1570
329;1399
330;1244
331;1090
332;997
333;904
334;847
335;790
336;760
337;731
338;690
339;649
340;621
341;593
342;575
343;557
344;567
345;577
346;576
347;575
348;552
349;529
350;536
351;544
352;555
353;566
354;558
355;551
356;543
357;535
358;545
359;555
360;566
361;577
362;598
363;620
364;601
365;582
366;616
367;651
368;663
369;675
370;716
371;757
372;809
373;861
374;962
375;1064
376;1214
377;1365
378;1574
379;1783
380;1960
381;2137
382;2270
383;2404
384;2371
385;2339
386;2288
387;2237
388;2126
389;2016
390;1950
391;1884
392;1931
393;1978
394;2090
395;2202
396;2257
397;2313
398;2407
399;2501
400;2420
401;2339
402;2193
403;2047
404;1880
405;1714
406;1562
407;1410
408;1303
409;1197
410;1107
411;1017
412;971
413;926
414;873
415;820
416;793
417;766
418;761
419;757
420;758
421;759
422;735
423;711
424;685
425;660
426;674
427;688
428;665
429;642
430;641
431;640
432;627
433;615
434;642
435;669
436;660
437;651
438;645
439;640
440;667
441;695
442;672
443;649
444;657
445;666
446;704
447;742
448;737
449;733
450;739
451;746
452;757
453;769
454;787
455;806
456;821
457;837
458;880
459;924
460;954
461;984
462;1039
463;1094
464;1175
465;1256
466;1380
467;1505
468;1643
469;1782
470;1928
471;2075
472;2217
473;2360
474;2507
475;2654
476;2647
477;2641
478;2588
479;2535
480;2500
481;2466
482;2371
483;2277
484;2219
485;2162
486;2175
487;2188
488;2194
489;2200
490;2256
491;2313
492;2393
493;2473
494;2564
495;2655
496;2735
497;2816
498;2808
499;2801
500;2674
501;2548
502;2430
503;2313
504;2209
505;2106
506;2004
507;1902
508;1778
509;1654
510;1606
511;1558
512;1525
513;1492
514;1462
515;1432
516;1394
517;1357
518;1333
519;1310
520;1339
521;1368
522;1332
523;1297
524;1275
525;1254
526;1255
527;1256
528;1242
529;1228
530;1223
531;1219
532;1235
533;1252
534;1239
535;1226
536;1221
537;1217
538;1192
539;1168
540;1182
541;1197
542;1171
543;1146
544;1180
545;1214
546;1197
547;1181
548;1203
549;1225
550;1202
551;1179
552;1197
553;1215
554;1218
555;1221
556;1196
557;1172
558;1193
559;1214
560;1222
561;1230
562;1222
563;1214
564;1235
565;1256
566;1248
567;1241
568;1251
569;1261
570;1267
571;1274
572;1254
573;1235
574;1269
575;1303
576;1281
577;1259
578;1264
579;1270
580;1272
581;1274
582;1280
583;1286
584;1301
585;1317
586;1314
587;1312
588;1330
589;1348
590;1370
591;1392
592;1428
593;1465
594;1470
595;1476
596;1499
597;1523
598;1538
599;1554
600;1589
601;1625
602;1652
603;1680
604;1725
605;1771
606;1802
607;1833
608;1873
609;1914
610;1997
611;2080
612;2137
613;2195
614;2214
615;2233
616;2367
617;2502
618;2581
619;2661
620;2713
621;2765
622;2854
623;2943
624;2982
625;3021
626;3042
627;3063
628;3096
629;3130
630;3129
631;3129
632;3107
633;3085
634;3077
635;3070
636;3017
637;2965
638;2943
639;2921
640;2856
641;2792
642;2745
643;2699
644;2721
645;2743
646;2654
647;2566
648;2579
649;2593
650;2577
651;2561
652;2556
653;2552
654;2531
655;2510
656;2520
657;2530
658;2491
659;2453
660;2486
661;2519
662;2524
663;2530
664;2511
665;2492
666;2522
667;2552
668;2566
669;2581
670;2602
671;2624
672;2613
673;2603
674;2605
675;2608
676;2618
677;2628
678;2682
679;2737
680;2741
681;2746
682;2769
683;2792
684;2831
685;2870
686;2853
687;2836
688;2816
689;2796
690;2842
691;2888
692;2865
693;2843
694;2886
695;2930
696;2925
697;2921
698;2987
699;3054
700;3011
701;2968
702;2956
703;2945
704;2942
705;2939
706;2943
707;2948
708;2912
709;2876
710;2876
711;2876
712;2867
713;2859
714;2816
715;2774
716;2826
717;2879
718;2853
719;2828
720;2832
721;2837
722;2781
723;2726
724;2762
725;2799
726;2807
727;2816
728;2785
729;2754
730;2724
731;2695
732;2724
733;2754
734;2730
735;2706
736;2720
737;2734
738;2708
739;2683
740;2653
741;2623
742;2668
743;2714
744;2672
745;2630
746;2607
747;2584
748;2594
749;2604
750;2653
751;2703
752;2721
753;2739
754;2740
755;2741
756;2693
757;2646
758;2656
759;2666
760;2687
761;2708
762;2721
763;2735
764;2788
765;2841
766;2845
767;2850
768;2819
769;2788
770;2781
771;2774
772;2755
773;2737
774;2762
775;2788
776;2791
777;2794
778;2809
779;2825
780;2833
781;2841
782;2827
783;2814
784;2788
785;2763
786;2738
787;2714
788;2746
789;2779
790;2709
791;2639
792;2615
793;2592
794;2563
795;2535
796;2501
797;2468
798;2484
799;2501
800;2478
801;2455
802;2404
803;2353
804;2346
805;2340
806;2294
807;2248
808;2256
809;2264
810;2252
811;2240
812;2196
813;2153
814;2148
815;2144
816;2122
817;2100
818;2103
819;2106
820;2104
821;2102
822;2074
823;2047
824;2056
825;2066
826;2081
827;2097
828;2103
829;2109
830;2127
831;2146
832;2137
833;2129
834;2163
835;2197
836;2264
837;2331
838;2326
839;2322
840;2386
841;2450
842;2450
843;2451
844;2505
845;2559
846;2533
847;2508
848;2589
849;2670
850;2637
851;2604
852;2604
853;2604
854;2529
855;2455
856;2427
857;2400
858;2271
859;2142
860;2107
861;2073
862;1988
863;1904
864;1823
865;1743
866;1672
867;1601
868;1535
869;1470
870;1405
871;1341
872;1274
873;1208
874;1179
875;1150
876;1098
877;1046
878;1017
879;988
880;922
881;857
882;858
883;859
884;848
885;837
886;806
887;775
888;755
889;735
890;706
891;678
892;677
893;677
894;668
895;660
896;652
897;644
898;646
899;649
900;626
901;604
902;600
903;597
904;587
905;577
906;569
907;562
908;573
909;584
910;566
911;549
912;557
913;566
914;552
915;538
916;542
917;546
918;563
919;580
920;552
921;524
922;540
923;557
924;539
925;522
926;525
927;529
928;522
929;516
930;520
931;524
932;544
933;564
934;550
935;536
936;531
937;526
938;517
939;509
940;529
941;549
942;532
943;516
944;535
945;555
946;569
947;584
948;574
949;564
950;585
951;606
952;613
953;620
954;631
955;642
956;638
957;635
958;629
959;624
960;688
961;753
962;786
963;819
964;848
965;877
966;915
967;953
968;981
969;1010
970;1105
971;1201
972;1280
973;1359
974;1524
975;1689
976;1788
977;1887
978;2038
979;2189
980;2275
981;2362
982;2377
983;2393
984;2391
985;2390
986;2282
987;2175
988;2095
989;2016
990;1970
991;1925
992;1899
993;1873
994;1848
995;1823
996;1854
997;1885
998;1937
999;1989
1000;2086
1001;2184
1002;2246
1003;2308
1004;2312
1005;2317
1006;2196
1007;2075
1008;1935
1009;1796
1010;1616
1011;1436
1012;1321
1013;1206
1014;1087
1015;968
1016;915
1017;862
1018;798
1019;735
1020;706
1021;677
1022;650
1023;624
1024;616
1025;609
1026;590
1027;571
1028;555
1029;540
1030;523
1031;506
1032;501
1033;496
1034;508
1035;520
1036;514
1037;509
1038;506
1039;504
1040;496
1041;489
1042;487
1043;486
1044;483
1045;480
1046;488
1047;496
1048;480
1049;464
1050;462
1051;460
1052;483
1053;507
1054;507
1055;507
1056;520
1057;533
1058;555
1059;578
1060;576
1061;575
1062;591
1063;607
1064;632
1065;657
1066;698
1067;739
1068;798
1069;857
1070;920
1071;984
1072;1078
1073;1172
1074;1302
1075;1432
1076;1608
1077;1785
1078;1985
1079;2186
1080;2256
1081;2326
1082;2279
1083;2233
1084;2100
1085;1967
1086;1880
1087;1794
1088;1778
1089;1762
1090;1756
1091;1751
1092;1829
1093;1907
1094;2019
1095;2131
1096;2131
1097;2131
1098;2051
1099;1971
1100;1755
1101;1539
1102;1359
1103;1179
1104;1058
1105;937
1106;856
1107;775
1108;728
1109;682
1110;648
1111;615
1112;584
1113;553
1114;535
1115;518
1116;520
1117;522
1118;505
1119;489
1120;478
1121;467
1122;460
1123;453
1124;470
1125;487
1126;473
1127;460
1128;441
1129;422
1130;441
1131;460
1132;455
1133;451
1134;458
1135;466
1136;482
1137;498
1138;529
1139;560
1140;573
1141;586
1142;588
1143;591
1144;634
1145;677
1146;709
1147;742
1148;856
1149;970
1150;1082
1151;1194
1152;1373
1153;1552
1154;1777
1155;2002
1156;2059
1157;2117
1158;2046
1159;1976
1160;1899
1161;1822
1162;1742
1163;1663
1164;1693
1165;1723
1166;1775
1167;1827
1168;1897
1169;1967
1170;1940
1171;1914
1172;1722
1173;1530
1174;1329
1175;1128
1176;1009
1177;891
1178;794
1179;697
1180;642
1181;587
1182;570
1183;553
1184;519
1185;486
1186;478
1187;471
1188;463
1189;456
1190;454
1191;453
1192;446
1193;440
1194;446
1195;453
1196;446
1197;440
1198;447
1199;455
1200;470
1201;486
1202;476
1203;466
1204;492
1205;518
1206;539
1207;560
1208;561
1209;562
1210;633
1211;704
1212;762
1213;820
1214;921
1215;1023
1216;1213
1217;1403
1218;1610
1219;1818
1220;1952
1221;2086
1222;2012
1223;1938
1224;1829
1225;1720
1226;1661
1227;1603
1228;1655
1229;1707
1230;1749
1231;1791
1232;1853
1233;1916
1234;1728
1235;1541
1236;1306
1237;1072
1238;937
1239;802
1240;709
1241;617
1242;584
1243;551
1244;530
1245;509
1246;502
1247;495
1248;485
1249;476
1250;461
1251;447
1252;441
1253;435
1254;435
1255;435
1256;446
1257;458
1258;457
1259;456
1260;471
1261;486
1262;476
1263;466
1264;500
1265;535
1266;586
1267;638
1268;676
1269;715
1270;813
1271;911
1272;1075
1273;1239
1274;1436
1275;1634
1276;1850
1277;2067
1278;2044
1279;2022
1280;1852
1281;1683
1282;1646
1283;1609
1284;1678
1285;1747
1286;1832
1287;1918
1288;1852
1289;1787
1290;1520
1291;1254
1292;1055
1293;857
1294;752
1295;648
1296;628
1297;609
1298;552
1299;496
1300;484
1301;473
1302;460
1303;447
1304;441
1305;436
1306;433
1307;431
1308;419
1309;407
1310;420
1311;433
1312;437
1313;442
1314;464
1315;486
1316;506
1317;526
1318;577
1319;629
1320;675
1321;722
1322;834
1323;946
1324;1106
1325;1266
1326;1519
1327;1772
1328;1877
1329;1982
1330;1867
1331;1752
1332;1657
1333;1563
1334;1569
1335;1576
1336;1718
1337;1860
1338;1794
1339;1729
1340;1482
1341;1235
1342;1014
1343;793
1344;686
1345;580
1346;550
1347;520
1348;488
1349;456
1350;452
1351;449
1352;442
1353;435
1354;438
1355;442
1356;442
1357;442
1358;448
1359;455
1360;446
1361;438
1362;454
1363;471
1364;501
1365;531
1366;569
1367;607
1368;607
