# Strom: -0.01 A
# Magnetfeld: 0 mT
# Schnitt bei (739,474)
# Mittelung: 1 Pixel
# Magnetfeldsensor unkalibriertPixel ; Red Value
1;165
2;167
3;169
4;171
5;174
6;163
7;152
8;177
9;202
10;239
11;276
12;350
13;424
14;457
15;491
16;451
17;411
18;361
19;311
20;282
21;253
22;229
23;205
24;192
25;180
26;179
27;178
28;171
29;165
30;164
31;163
32;159
33;156
34;159
35;162
36;162
37;163
38;154
39;145
40;151
41;158
42;158
43;158
44;162
45;167
46;181
47;196
48;191
49;187
50;199
51;211
52;285
53;360
54;423
55;486
56;496
57;507
58;436
59;365
60;319
61;273
62;252
63;231
64;215
65;200
66;183
67;167
68;180
69;194
70;178
71;162
72;156
73;151
74;151
75;152
76;153
77;154
78;152
79;151
80;158
81;165
82;158
83;151
84;157
85;163
86;167
87;172
88;168
89;165
90;170
91;176
92;184
93;192
94;245
95;298
96;360
97;422
98;476
99;531
100;516
101;502
102;450
103;398
104;334
105;271
106;254
107;238
108;219
109;200
110;199
111;198
112;191
113;185
114;179
115;174
116;163
117;152
118;154
119;156
120;157
121;158
122;161
123;165
124;160
125;156
126;158
127;160
128;160
129;160
130;161
131;162
132;166
133;171
134;171
135;171
136;179
137;187
138;197
139;207
140;233
141;260
142;326
143;393
144;433
145;473
146;510
147;547
148;504
149;462
150;386
151;311
152;288
153;265
154;236
155;207
156;206
157;205
158;192
159;180
160;174
161;169
162;177
163;185
164;174
165;163
166;167
167;171
168;162
169;154
170;154
171;154
172;156
173;158
174;152
175;147
176;157
177;167
178;157
179;147
180;155
181;163
182;166
183;169
184;173
185;178
186;180
187;182
188;181
189;180
190;214
191;249
192;291
193;333
194;411
195;489
196;532
197;575
198;542
199;509
200;451
201;393
202;351
203;309
204;281
205;254
206;233
207;212
208;197
209;183
210;186
211;189
212;182
213;176
214;174
215;172
216;161
217;151
218;156
219;162
220;161
221;160
222;159
223;158
224;154
225;151
226;146
227;141
228;147
229;154
230;159
231;165
232;166
233;167
234;163
235;160
236;171
237;182
238;169
239;156
240;168
241;180
242;182
243;185
244;208
245;231
246;262
247;293
248;331
249;369
250;438
251;507
252;531
253;555
254;537
255;520
256;470
257;420
258;369
259;318
260;281
261;245
262;230
263;216
264;204
265;192
266;197
267;203
268;187
269;172
270;173
271;174
272;167
273;160
274;168
275;176
276;169
277;163
278;159
279;156
280;160
281;165
282;156
283;147
284;149
285;151
286;147
287;143
288;146
289;149
290;157
291;165
292;160
293;156
294;154
295;152
296;162
297;172
298;164
299;156
300;161
301;167
302;174
303;182
304;184
305;187
306;205
307;223
308;247
309;271
310;309
311;347
312;388
313;429
314;493
315;557
316;574
317;591
318;537
319;484
320;453
321;422
322;378
323;334
324;298
325;262
326;258
327;254
328;238
329;223
330;207
331;191
332;197
333;203
334;196
335;189
336;183
337;178
338;169
339;160
340;165
341;171
342;168
343;165
344;163
345;162
346;163
347;165
348;165
349;165
350;170
351;176
352;169
353;162
354;159
355;156
356;154
357;152
358;164
359;176
360;168
361;160
362;173
363;187
364;176
365;165
366;168
367;171
368;170
369;169
370;174
371;180
372;176
373;172
374;181
375;191
376;189
377;187
378;207
379;227
380;233
381;240
382;266
383;293
384;321
385;349
386;400
387;451
388;514
389;577
390;583
391;589
392;585
393;582
394;522
395;462
396;436
397;411
398;389
399;367
400;331
401;296
402;276
403;256
404;238
405;220
406;212
407;205
408;206
409;207
410;199
411;192
412;189
413;187
414;187
415;187
416;191
417;196
418;191
419;187
420;184
421;182
422;178
423;174
424;179
425;185
426;183
427;182
428;182
429;182
430;176
431;171
432;171
433;172
434;181
435;191
436;183
437;176
438;175
439;174
440;176
441;178
442;176
443;174
444;178
445;183
446;179
447;176
448;175
449;174
450;181
451;189
452;187
453;185
454;198
455;212
456;207
457;202
458;204
459;207
460;199
461;191
462;199
463;207
464;204
465;202
466;211
467;220
468;232
469;245
470;251
471;258
472;275
473;293
474;296
475;300
476;334
477;369
478;398
479;427
480;468
481;509
482;549
483;589
484;626
485;664
486;649
487;635
488;606
489;577
490;560
491;544
492;510
493;476
494;438
495;400
496;386
497;373
498;343
499;313
500;317
501;322
502;305
503;289
504;291
505;293
506;285
507;278
508;270
509;263
510;269
511;276
512;268
513;260
514;245
515;231
516;240
517;249
518;248
519;247
520;248
521;249
522;253
523;258
524;247
525;236
526;249
527;262
528;250
529;238
530;240
531;242
532;243
533;245
534;239
535;234
536;236
537;238
538;244
539;251
540;252
541;253
542;243
543;233
544;237
545;242
546;247
547;253
548;251
549;249
550;254
551;260
552;253
553;247
554;243
555;240
556;240
557;240
558;233
559;227
560;240
561;253
562;253
563;253
564;249
565;245
566;249
567;253
568;253
569;254
570;262
571;271
572;258
573;245
574;251
575;258
576;248
577;238
578;251
579;265
580;261
581;258
582;259
583;260
584;270
585;280
586;271
587;262
588;261
589;260
590;253
591;247
592;259
593;271
594;271
595;271
596;275
597;280
598;269
599;258
600;273
601;289
602;281
603;273
604;289
605;305
606;312
607;320
608;301
609;283
610;285
611;287
612;289
613;291
614;305
615;320
616;313
617;307
618;312
619;318
620;326
621;334
622;349
623;364
624;369
625;374
626;376
627;378
628;388
629;398
630;420
631;442
632;434
633;427
634;431
635;435
636;455
637;476
638;487
639;498
640;505
641;513
642;557
643;602
644;591
645;580
646;596
647;613
648;645
649;678
650;672
651;666
652;693
653;720
654;710
655;700
656;703
657;706
658;696
659;686
660;677
661;668
662;668
663;668
664;667
665;666
666;667
667;668
668;631
669;595
670;603
671;611
672;606
673;602
674;576
675;551
676;528
677;506
678;511
679;516
680;511
681;506
682;486
683;466
684;460
685;455
686;460
687;466
688;443
689;420
690;422
691;425
692;432
693;440
694;416
695;393
696;401
697;409
698;386
699;364
700;364
701;365
702;364
703;364
704;366
705;369
706;360
707;351
708;355
709;360
710;357
711;354
712;352
713;351
714;332
715;314
716;318
717;322
718;316
719;311
720;319
721;327
722;333
723;340
724;331
725;322
726;315
727;309
728;315
729;322
730;314
731;307
732;314
733;322
734;319
735;316
736;312
737;309
738;310
739;311
740;311
741;311
742;317
743;324
744;312
745;300
746;299
747;298
748;315
749;333
750;321
751;309
752;293
753;278
754;300
755;322
756;321
757;320
758;322
759;325
760;316
761;307
762;305
763;303
764;309
765;316
766;316
767;316
768;325
769;334
770;337
771;340
772;339
773;338
774;324
775;311
776;332
777;354
778;358
779;362
780;349
781;336
782;345
783;354
784;366
785;378
786;383
787;389
788;382
789;376
790;388
791;400
792;402
793;405
794;416
795;427
796;440
797;453
798;460
799;467
800;476
801;486
802;506
803;527
804;522
805;518
806;532
807;546
808;558
809;571
810;575
811;580
812;574
813;569
814;613
815;657
816;656
817;655
818;661
819;668
820;656
821;644
822;646
823;649
824;646
825;644
826;634
827;624
828;631
829;638
830;614
831;591
832;571
833;551
834;549
835;547
836;523
837;500
838;487
839;475
840;454
841;433
842;416
843;400
844;398
845;396
846;379
847;362
848;341
849;320
850;333
851;347
852;330
853;314
854;301
855;289
856;287
857;285
858;279
859;273
860;244
861;216
862;229
863;243
864;236
865;229
866;233
867;238
868;240
869;243
870;218
871;194
872;201
873;209
874;207
875;205
876;200
877;196
878;198
879;200
880;199
881;198
882;197
883;196
884;189
885;182
886;184
887;187
888;185
889;183
890;177
891;172
892;174
893;176
894;177
895;178
896;176
897;174
898;175
899;176
900;168
901;160
902;166
903;172
904;174
905;176
906;163
907;151
908;153
909;156
910;159
911;162
912;164
913;167
914;166
915;165
916;158
917;152
918;157
919;163
920;158
921;154
922;161
923;169
924;170
925;172
926;167
927;163
928;161
929;160
930;160
931;160
932;155
933;151
934;156
935;162
936;158
937;154
938;161
939;169
940;160
941;151
942;148
943;145
944;159
945;174
946;171
947;169
948;170
949;171
950;164
951;158
952;164
953;171
954;171
955;172
956;167
957;163
958;162
959;162
960;170
961;178
962;188
963;198
964;188
965;178
966;178
967;178
968;178
969;178
970;179
971;180
972;205
973;231
974;224
975;218
976;230
977;243
978;253
979;263
980;278
981;293
982;307
983;322
984;348
985;374
986;415
987;456
988;484
989;513
990;529
991;546
992;577
993;609
994;595
995;582
996;561
997;540
998;507
999;475
1000;428
1001;382
1002;355
1003;329
1004;301
1005;274
1006;258
1007;243
1008;232
1009;222
1010;211
1011;200
1012;202
1013;205
1014;192
1015;180
1016;179
1017;178
1018;171
1019;165
1020;170
1021;176
1022;165
1023;154
1024;163
1025;172
1026;170
1027;169
1028;164
1029;160
1030;160
1031;160
1032;160
1033;160
1034;155
1035;151
1036;159
1037;167
1038;159
1039;151
1040;160
1041;169
1042;161
1043;154
1044;154
1045;154
1046;155
1047;156
1048;161
1049;167
1050;163
1051;160
1052;167
1053;174
1054;172
1055;171
1056;167
1057;163
1058;167
1059;171
1060;172
1061;174
1062;170
1063;167
1064;169
1065;171
1066;164
1067;158
1068;170
1069;182
1070;189
1071;196
1072;199
1073;203
1074;197
1075;192
1076;211
1077;231
1078;249
1079;267
1080;296
1081;325
1082;360
1083;396
1084;420
1085;445
1086;501
1087;558
1088;566
1089;575
1090;572
1091;569
1092;512
1093;455
1094;404
1095;354
1096;317
1097;280
1098;258
1099;236
1100;212
1101;189
1102;195
1103;202
1104;202
1105;203
1106;185
1107;167
1108;160
1109;154
1110;166
1111;178
1112;180
1113;182
1114;175
1115;169
1116;167
1117;165
1118;161
1119;158
1120;160
1121;162
1122;158
1123;154
1124;156
1125;158
1126;157
1127;156
1128;157
1129;158
1130;157
1131;156
1132;147
1133;138
1134;144
1135;151
1136;154
1137;158
1138;159
1139;160
1140;147
1141;134
1142;146
1143;158
1144;163
1145;169
1146;168
1147;167
1148;177
1149;187
1150;201
1151;216
1152;218
1153;220
1154;225
1155;231
1156;263
1157;296
1158;346
1159;396
1160;438
1161;480
1162;515
1163;551
1164;533
1165;515
1166;447
1167;380
1168;338
1169;296
1170;257
1171;218
1172;219
1173;220
1174;196
1175;172
1176;172
1177;172
1178;171
1179;171
1180;159
1181;147
1182;146
1183;145
1184;149
1185;154
1186;162
1187;171
1188;162
1189;154
1190;155
1191;156
1192;156
1193;156
1194;144
1195;132
1196;137
1197;143
1198;143
1199;143
1200;157
1201;171
1202;157
1203;143
1204;158
1205;174
1206;170
1207;167
1208;173
1209;180
1210;177
1211;174
1212;176
1213;178
1214;184
1215;191
1216;206
1217;222
1218;232
1219;242
1220;260
1221;278
1222;333
1223;389
1224;448
1225;507
1226;520
1227;533
1228;494
1229;455
1230;389
1231;324
1232;287
1233;251
1234;233
1235;216
1236;199
1237;182
1238;179
1239;176
1240;169
1241;162
1242;161
1243;160
1244;163
1245;167
1246;166
1247;165
1248;160
1249;156
1250;156
1251;156
1252;153
1253;151
1254;151
1255;151
1256;142
1257;134
1258;147
1259;160
1260;158
1261;156
1262;152
1263;149
1264;156
1265;163
1266;162
1267;162
1268;166
1269;171
1270;168
1271;165
1272;188
1273;212
1274;227
1275;242
1276;259
1277;276
1278;320
1279;365
1280;408
1281;451
1282;483
1283;516
1284;473
1285;431
1286;366
1287;302
1288;262
1289;223
1290;206
1291;189
1292;180
1293;172
1294;156
1295;140
1296;149
1297;158
1298;156
1299;154
1300;164
1301;174
1302;159
1303;145
1304;145
1305;145
1306;147
1307;149
1308;157
1309;165
1310;158
1311;151
1312;154
1313;158
1314;148
1315;138
1316;146
1317;154
1318;159
1319;165
1320;168
1321;172
1322;179
1323;187
1324;196
1325;205
1326;225
1327;245
1328;269
1329;293
1330;356
1331;420
1332;473
1333;527
1334;481
1335;435
1336;370
1337;305
1338;265
1339;225
1340;215
1341;205
1342;180
1343;156
1344;153
1345;151
1346;158
1347;165
1348;156
1349;147
1350;154
1351;162
1352;154
1353;147
1354;144
1355;141
1356;141
1357;141
1358;156
1359;172
1360;169
1361;167
1362;166
1363;165
1364;161
1365;158
1366;163
1367;169
1368;169
