# Strom: -0.03 A
# Magnetfeld: 7 mT
# Schnitt bei (696,491)
# Mittelung: 1 Pixel
# Magnetfeldsensor kalibriertPixel ; Red Value
1;309
2;332
3;356
4;400
5;444
6;495
7;546
8;629
9;713
10;797
11;881
12;944
13;1008
14;1018
15;1028
16;968
17;908
18;840
19;773
20;702
21;631
22;600
23;569
24;510
25;451
26;428
27;405
28;376
29;347
30;330
31;313
32;308
33;303
34;285
35;267
36;267
37;267
38;254
39;242
40;237
41;233
42;238
43;243
44;238
45;233
46;231
47;229
48;241
49;253
50;249
51;245
52;248
53;251
54;270
55;289
56;281
57;273
58;267
59;262
60;295
61;329
62;330
63;331
64;352
65;373
66;410
67;447
68;512
69;578
70;643
71;708
72;819
73;930
74;1004
75;1079
76;1132
77;1186
78;1138
79;1090
80;1051
81;1012
82;955
83;899
84;811
85;724
86;710
87;697
88;629
89;562
90;514
91;467
92;443
93;420
94;405
95;391
96;379
97;367
98;349
99;331
100;327
101;324
102;316
103;309
104;302
105;296
106;288
107;280
108;281
109;283
110;279
111;276
112;276
113;276
114;290
115;305
116;279
117;253
118;266
119;280
120;278
121;276
122;289
123;302
124;291
125;280
126;290
127;300
128;307
129;314
130;317
131;320
132;325
133;331
134;341
135;351
136;369
137;387
138;424
139;462
140;496
141;531
142;622
143;713
144;772
145;831
146;940
147;1050
148;1084
149;1119
150;1139
151;1159
152;1187
153;1215
154;1128
155;1041
156;1021
157;1001
158;946
159;891
160;840
161;790
162;734
163;678
164;622
165;566
166;539
167;513
168;479
169;445
170;438
171;431
172;405
173;380
174;371
175;362
176;349
177;336
178;334
179;333
180;321
181;309
182;304
183;300
184;281
185;263
186;264
187;265
188;261
189;258
190;266
191;274
192;279
193;285
194;268
195;251
196;249
197;247
198;258
199;269
200;266
201;263
202;263
203;263
204;278
205;293
206;282
207;271
208;272
209;273
210;283
211;293
212;291
213;289
214;281
215;273
216;296
217;320
218;309
219;298
220;311
221;325
222;326
223;327
224;358
225;389
226;383
227;378
228;405
229;433
230;455
231;478
232;493
233;509
234;593
235;678
236;695
237;713
238;786
239;859
240;925
241;992
242;1062
243;1132
244;1170
245;1208
246;1205
247;1203
248;1204
249;1206
250;1201
251;1197
252;1165
253;1134
254;1108
255;1083
256;1036
257;990
258;967
259;944
260;909
261;875
262;845
263;815
264;773
265;731
266;705
267;680
268;650
269;620
270;596
271;573
272;568
273;564
274;538
275;513
276;483
277;453
278;439
279;425
280;414
281;404
282;405
283;407
284;399
285;391
286;375
287;360
288;347
289;334
290;338
291;342
292;342
293;342
294;325
295;309
296;302
297;296
298;307
299;318
300;306
301;294
302;293
303;293
304;286
305;280
306;282
307;285
308;284
309;283
310;287
311;291
312;291
313;291
314;304
315;318
316;299
317;280
318;277
319;274
320;272
321;271
322;277
323;283
324;278
325;273
326;281
327;289
328;289
329;289
330;284
331;280
332;280
333;280
334;280
335;280
336;281
337;283
338;283
339;283
340;287
341;291
342;290
343;289
344;281
345;274
346;288
347;303
348;303
349;303
350;311
351;320
352;310
353;300
354;301
355;302
356;312
357;322
358;325
359;329
360;321
361;314
362;329
363;345
364;336
365;327
366;338
367;349
368;361
369;373
370;376
371;380
372;391
373;402
374;413
375;425
376;431
377;438
378;447
379;456
380;460
381;464
382;508
383;553
384;547
385;542
386;571
387;600
388;614
389;628
390;660
391;693
392;715
393;737
394;763
395;790
396;815
397;840
398;881
399;922
400;952
401;982
402;993
403;1004
404;1028
405;1052
406;1093
407;1135
408;1148
409;1161
410;1189
411;1217
412;1281
413;1345
414;1368
415;1392
416;1402
417;1412
418;1435
419;1459
420;1484
421;1509
422;1495
423;1481
424;1485
425;1489
426;1509
427;1530
428;1543
429;1556
430;1563
431;1570
432;1602
433;1634
434;1627
435;1620
436;1591
437;1563
438;1580
439;1598
440;1592
441;1587
442;1576
443;1565
444;1547
445;1529
446;1542
447;1556
448;1537
449;1518
450;1487
451;1456
452;1437
453;1418
454;1436
455;1454
456;1428
457;1403
458;1368
459;1334
460;1280
461;1226
462;1268
463;1310
464;1270
465;1230
466;1233
467;1237
468;1221
469;1205
470;1213
471;1221
472;1162
473;1104
474;1123
475;1143
476;1122
477;1101
478;1116
479;1132
480;1094
481;1057
482;1037
483;1017
484;1052
485;1088
486;1076
487;1064
488;1042
489;1021
490;1017
491;1013
492;1022
493;1032
494;1028
495;1024
496;1011
497;999
498;1000
499;1001
500;1004
501;1008
502;1014
503;1021
504;1014
505;1008
506;1006
507;1004
508;1001
509;999
510;1013
511;1028
512;1010
513;993
514;1009
515;1026
516;1026
517;1026
518;1039
519;1052
520;1052
521;1052
522;1052
523;1053
524;1073
525;1094
526;1075
527;1057
528;1107
529;1157
530;1150
531;1143
532;1145
533;1148
534;1170
535;1192
536;1183
537;1174
538;1214
539;1254
540;1246
541;1239
542;1255
543;1272
544;1275
545;1279
546;1296
547;1314
548;1327
549;1341
550;1345
551;1350
552;1352
553;1354
554;1370
555;1387
556;1383
557;1379
558;1400
559;1421
560;1412
561;1403
562;1411
563;1419
564;1428
565;1438
566;1471
567;1505
568;1472
569;1439
570;1447
571;1456
572;1453
573;1450
574;1421
575;1392
576;1415
577;1438
578;1411
579;1385
580;1361
581;1337
582;1334
583;1332
584;1304
585;1277
586;1244
587;1212
588;1182
589;1152
590;1107
591;1063
592;1053
593;1044
594;1002
595;961
596;936
597;911
598;892
599;873
600;853
601;833
602;812
603;791
604;768
605;746
606;741
607;737
608;697
609;657
610;650
611;644
612;615
613;586
614;577
615;569
616;544
617;520
618;514
619;509
620;494
621;480
622;475
623;471
624;454
625;438
626;432
627;427
628;427
629;427
630;405
631;384
632;403
633;422
634;394
635;367
636;357
637;347
638;353
639;360
640;356
641;353
642;349
643;345
644;327
645;309
646;306
647;303
648;310
649;318
650;312
651;307
652;306
653;305
654;297
655;289
656;292
657;296
658;304
659;313
660;304
661;296
662;302
663;309
664;320
665;331
666;299
667;267
668;270
669;274
670;279
671;285
672;285
673;285
674;281
675;278
676;281
677;285
678;291
679;298
680;304
681;311
682;294
683;278
684;280
685;282
686;282
687;282
688;289
689;296
690;294
691;293
692;291
693;289
694;291
695;293
696;285
697;278
698;290
699;303
700;308
701;314
702;309
703;305
704;308
705;311
706;321
707;331
708;333
709;336
710;340
711;345
712;351
713;358
714;376
715;395
716;387
717;380
718;392
719;404
720;409
721;415
722;435
723;456
724;476
725;496
726;539
727;582
728;601
729;620
730;671
731;722
732;781
733;840
734;905
735;970
736;1027
737;1084
738;1182
739;1281
740;1336
741;1392
742;1443
743;1494
744;1548
745;1603
746;1571
747;1539
748;1527
749;1516
750;1496
751;1476
752;1379
753;1283
754;1150
755;1017
756;963
757;910
758;845
759;780
760;724
761;669
762;638
763;607
764;573
765;540
766;514
767;489
768;473
769;458
770;440
771;422
772;411
773;400
774;407
775;415
776;405
777;396
778;380
779;365
780;359
781;353
782;350
783;347
784;342
785;338
786;351
787;364
788;344
789;325
790;322
791;320
792;331
793;342
794;353
795;364
796;343
797;322
798;326
799;331
800;315
801;300
802;307
803;314
804;311
805;309
806;326
807;344
808;336
809;329
810;324
811;320
812;330
813;340
814;332
815;325
816;343
817;362
818;380
819;398
820;390
821;382
822;408
823;435
824;440
825;445
826;483
827;522
828;557
829;593
830;624
831;655
832;739
833;824
834;877
835;930
836;1028
837;1126
838;1236
839;1347
840;1375
841;1403
842;1422
843;1441
844;1410
845;1379
846;1299
847;1219
848;1114
849;1010
850;916
851;822
852;726
853;631
854;585
855;540
856;511
857;482
858;450
859;418
860;400
861;382
862;371
863;360
864;352
865;344
866;329
867;314
868;315
869;316
870;306
871;296
872;293
873;291
874;309
875;327
876;322
877;318
878;309
879;300
880;297
881;294
882;294
883;294
884;297
885;300
886;301
887;303
888;296
889;289
890;294
891;300
892;314
893;329
894;322
895;316
896;334
897;353
898;363
899;374
900;396
901;418
902;430
903;442
904;471
905;500
906;535
907;571
908;654
909;737
910;817
911;897
912;974
913;1052
914;1184
915;1317
916;1374
917;1432
918;1432
