# Strom: -0.10 A
# Magnetfeld: 11 mT
# Schnitt bei (696,491)
# Mittelung: 1 Pixel
# Magnetfeldsensor kalibriertPixel ; Red Value
1;272
2;277
3;282
4;306
5;330
6;378
7;427
8;513
9;599
10;682
11;765
12;835
13;905
14;962
15;1019
16;998
17;977
18;905
19;834
20;749
21;665
22;583
23;502
24;448
25;395
26;354
27;312
28;305
29;298
30;286
31;275
32;275
33;275
34;265
35;255
36;247
37;240
38;241
39;242
40;247
41;252
42;257
43;262
44;267
45;272
46;284
47;296
48;329
49;363
50;426
51;489
52;567
53;645
54;728
55;812
56;889
57;967
58;1004
59;1041
60;1019
61;998
62;926
63;854
64;768
65;683
66;606
67;529
68;482
69;435
70;406
71;377
72;336
73;296
74;286
75;276
76;280
77;284
78;269
79;253
80;255
81;257
82;250
83;244
84;251
85;258
86;259
87;260
88;264
89;268
90;271
91;274
92;293
93;312
94;338
95;364
96;412
97;461
98;532
99;604
100;682
101;760
102;856
103;952
104;1016
105;1080
106;1079
107;1079
108;1029
109;979
110;896
111;812
112;735
113;658
114;577
115;496
116;478
117;461
118;410
119;360
120;338
121;317
122;298
123;279
124;275
125;271
126;269
127;266
128;261
129;255
130;261
131;266
132;261
133;257
134;258
135;259
136;253
137;247
138;266
139;285
140;286
141;287
142;302
143;318
144;340
145;362
146;414
147;465
148;528
149;592
150;670
151;748
152;833
153;917
154;974
155;1031
156;1063
157;1096
158;1085
159;1074
160;1004
161;935
162;862
163;789
164;717
165;644
166;568
167;492
168;471
169;451
170;410
171;370
172;347
173;324
174;316
175;308
176;294
177;280
178;278
179;276
180;270
181;264
182;270
183;277
184;269
185;262
186;276
187;290
188;278
189;265
190;272
191;280
192;280
193;281
194;292
195;303
196;312
197;320
198;333
199;346
200;381
201;416
202;479
203;542
204;593
205;645
206;715
207;786
208;879
209;971
210;1024
211;1078
212;1093
213;1108
214;1119
215;1130
216;1075
217;1021
218;950
219;879
220;805
221;732
222;667
223;603
224;551
225;500
226;462
227;424
228;400
229;376
230;364
231;351
232;348
233;346
234;322
235;299
236;299
237;300
238;295
239;291
240;289
241;288
242;289
243;290
244;285
245;279
246;281
247;283
248;282
249;280
250;282
251;285
252;291
253;298
254;306
255;315
256;324
257;332
258;337
259;342
260;359
261;377
262;409
263;441
264;479
265;517
266;584
267;651
268;712
269;773
270;852
271;931
272;991
273;1052
274;1093
275;1134
276;1156
277;1179
278;1170
279;1161
280;1121
281;1081
282;1015
283;949
284;877
285;805
286;739
287;673
288;630
289;586
290;535
291;484
292;470
293;455
294;432
295;410
296;389
297;369
298;365
299;361
300;353
301;346
302;332
303;318
304;305
305;293
306;303
307;312
308;312
309;312
310;310
311;309
312;298
313;288
314;298
315;308
316;311
317;315
318;315
319;316
320;317
321;319
322;309
323;300
324;306
325;313
326;318
327;324
328;336
329;348
330;345
331;343
332;370
333;397
334;417
335;437
336;473
337;510
338;551
339;591
340;647
341;704
342;761
343;818
344;871
345;925
346;988
347;1052
348;1097
349;1142
350;1173
351;1204
352;1205
353;1206
354;1193
355;1181
356;1142
357;1102
358;1055
359;1009
360;940
361;872
362;830
363;787
364;735
365;683
366;643
367;603
368;573
369;544
370;513
371;483
372;464
373;445
374;433
375;422
376;407
377;392
378;384
379;377
380;368
381;360
382;345
383;331
384;336
385;341
386;332
387;323
388;324
389;324
390;330
391;336
392;337
393;339
394;331
395;324
396;322
397;321
398;321
399;321
400;319
401;317
402;321
403;326
404;323
405;320
406;325
407;330
408;325
409;321
410;333
411;345
412;346
413;346
414;342
415;338
416;349
417;361
418;372
419;384
420;389
421;394
422;403
423;412
424;435
425;458
426;472
427;485
428;511
429;536
430;581
431;626
432;659
433;691
434;738
435;785
436;825
437;866
438;915
439;964
440;1000
441;1036
442;1073
443;1111
444;1149
445;1188
446;1208
447;1228
448;1240
449;1252
450;1251
451;1250
452;1249
453;1249
454;1219
455;1190
456;1154
457;1119
458;1088
459;1058
460;1002
461;946
462;889
463;832
464;819
465;807
466;751
467;696
468;680
469;664
470;645
471;626
472;595
473;565
474;545
475;525
476;493
477;462
478;465
479;468
480;467
481;467
482;453
483;438
484;430
485;421
486;403
487;384
488;380
489;376
490;379
491;382
492;375
493;369
494;375
495;381
496;370
497;359
498;353
499;348
500;346
501;345
502;338
503;331
504;330
505;329
506;331
507;333
508;342
509;351
510;343
511;334
512;324
513;313
514;331
515;349
516;339
517;329
518;325
519;322
520;317
521;313
522;318
523;324
524;326
525;329
526;330
527;331
528;329
529;327
530;329
531;331
532;333
533;335
534;336
535;338
536;328
537;319
538;335
539;351
540;346
541;342
542;345
543;348
544;351
545;354
546;352
547;350
548;354
549;359
550;349
551;339
552;347
553;355
554;355
555;355
556;367
557;380
558;387
559;394
560;398
561;401
562;405
563;410
564;416
565;423
566;438
567;454
568;459
569;465
570;472
571;478
572;489
573;500
574;515
575;530
576;547
577;564
578;566
579;567
580;580
581;594
582;615
583;636
584;654
585;672
586;699
587;727
588;743
589;759
590;768
591;776
592;813
593;850
594;866
595;881
596;906
597;931
598;957
599;983
600;991
601;1000
602;1023
603;1046
604;1018
605;990
606;1045
607;1100
608;1104
609;1109
610;1131
611;1153
612;1164
613;1174
614;1184
615;1193
616;1198
617;1202
618;1234
619;1265
620;1275
621;1285
622;1278
623;1271
624;1286
625;1302
626;1301
627;1300
628;1315
629;1329
630;1303
631;1277
632;1278
633;1279
634;1286
635;1293
636;1282
637;1271
638;1282
639;1293
640;1285
641;1276
642;1268
643;1261
644;1272
645;1283
646;1266
647;1248
648;1264
649;1281
650;1268
651;1255
652;1236
653;1217
654;1229
655;1242
656;1217
657;1192
658;1206
659;1220
660;1203
661;1187
662;1188
663;1189
664;1174
665;1159
666;1170
667;1181
668;1168
669;1155
670;1159
671;1163
672;1132
673;1101
674;1111
675;1121
676;1114
677;1108
678;1102
679;1097
680;1112
681;1128
682;1117
683;1106
684;1106
685;1107
686;1096
687;1086
688;1099
689;1112
690;1093
691;1075
692;1088
693;1101
694;1070
695;1039
696;1073
697;1107
698;1102
699;1097
700;1084
701;1072
702;1076
703;1080
704;1083
705;1086
706;1084
707;1083
708;1084
709;1084
710;1081
711;1078
712;1084
713;1090
714;1091
715;1093
716;1103
717;1112
718;1115
719;1118
720;1127
721;1136
722;1117
723;1098
724;1128
725;1159
726;1144
727;1129
728;1139
729;1149
730;1146
731;1144
732;1156
733;1168
734;1186
735;1203
736;1199
737;1195
738;1204
739;1212
740;1211
741;1210
742;1218
743;1226
744;1236
745;1245
746;1235
747;1225
748;1231
749;1237
750;1254
751;1271
752;1260
753;1250
754;1263
755;1277
756;1270
757;1264
758;1286
759;1308
760;1295
761;1283
762;1294
763;1305
764;1293
765;1281
766;1278
767;1276
768;1284
769;1292
770;1273
771;1254
772;1260
773;1266
774;1260
775;1254
776;1250
777;1246
778;1217
779;1187
780;1204
781;1221
782;1191
783;1162
784;1167
785;1172
786;1146
787;1120
788;1073
789;1027
790;1023
791;1019
792;1015
793;1011
794;973
795;934
796;922
797;911
798;893
799;875
800;844
801;812
802;802
803;792
804;768
805;744
806;729
807;714
808;691
809;669
810;659
811;649
812;615
813;581
814;572
815;563
816;541
817;518
818;509
819;501
820;481
821;461
822;455
823;450
824;431
825;412
826;403
827;394
828;390
829;386
830;379
831;372
832;349
833;326
834;337
835;349
836;330
837;311
838;316
839;322
840;320
841;318
842;305
843;293
844;301
845;309
846;302
847;295
848;284
849;274
850;281
851;287
852;283
853;279
854;274
855;269
856;266
857;263
858;265
859;266
860;267
861;269
862;258
863;247
864;251
865;256
866;257
867;259
868;255
869;252
870;260
871;268
872;264
873;260
874;256
875;253
876;260
877;266
878;261
879;257
880;251
881;246
882;257
883;269
884;270
885;272
886;261
887;251
888;252
889;254
890;261
891;268
892;271
893;275
894;274
895;273
896;267
897;261
898;275
899;290
900;292
901;294
902;291
903;288
904;292
905;297
906;302
907;307
908;302
909;296
910;307
911;319
912;318
913;318
914;338
915;359
916;365
917;371
918;381
919;392
920;416
921;441
922;456
923;472
924;489
925;506
926;545
927;584
928;606
929;629
930;664
931;699
932;773
933;846
934;868
935;890
936;958
937;1027
938;1061
939;1096
940;1134
941;1172
942;1199
943;1225
944;1226
945;1228
946;1234
947;1241
948;1220
949;1199
950;1192
951;1185
952;1150
953;1114
954;1069
955;1025
956;971
957;917
958;856
959;796
960;756
961;717
962;666
963;615
964;570
965;525
966;484
967;444
968;433
969;423
970;393
971;363
972;347
973;331
974;318
975;305
976;296
977;288
978;283
979;279
980;281
981;282
982;274
983;266
984;267
985;269
986;259
987;250
988;249
989;249
990;244
991;240
992;238
993;237
994;239
995;241
996;248
997;255
998;252
999;249
1000;251
1001;253
1002;254
1003;255
1004;256
1005;257
1006;261
1007;265
1008;265
1009;266
1010;264
1011;263
1012;265
1013;268
1014;279
1015;290
1016;301
1017;312
1018;313
1019;315
1020;320
1021;326
1022;345
1023;364
1024;379
1025;394
1026;417
1027;441
1028;497
1029;554
1030;603
1031;652
1032;710
1033;768
1034;838
1035;909
1036;964
1037;1018
1038;1087
1039;1155
1040;1188
1041;1221
1042;1231
1043;1242
1044;1228
1045;1213
1046;1154
1047;1095
1048;1056
1049;1017
1050;956
1051;895
1052;830
1053;765
1054;685
1055;606
1056;554
1057;502
1058;456
1059;411
1060;390
1061;369
1062;351
1063;333
1064;323
1065;312
1066;307
1067;302
1068;284
1069;267
1070;263
1071;259
1072;252
1073;246
1074;243
1075;240
1076;247
1077;255
1078;251
1079;248
1080;249
1081;250
1082;253
1083;257
1084;252
1085;247
1086;250
1087;253
1088;244
1089;235
1090;249
1091;263
1092;262
1093;262
1094;268
1095;275
1096;286
1097;297
1098;302
1099;307
1100;321
1101;335
1102;361
1103;387
1104;418
1105;450
1106;497
1107;545
1108;620
1109;695
1110;759
1111;823
1112;908
1113;993
1114;1054
1115;1115
1116;1139
1117;1163
1118;1192
1119;1222
1120;1175
1121;1128
1122;1074
1123;1020
1124;932
1125;844
1126;776
1127;708
1128;624
1129;541
1130;484
1131;427
1132;385
1133;343
1134;324
1135;304
1136;294
1137;284
1138;284
1139;284
1140;269
1141;255
1142;255
1143;256
1144;251
1145;246
1146;249
1147;252
1148;247
1149;242
1150;244
1151;247
1152;239
1153;231
1154;237
1155;244
1156;249
1157;254
1158;260
1159;266
1160;268
1161;270
1162;277
1163;284
1164;300
1165;316
1166;327
1167;339
1168;365
1169;392
1170;433
1171;474
1172;548
1173;622
1174;706
1175;790
1176;873
1177;957
1178;1033
1179;1109
1180;1154
1181;1200
1182;1173
1183;1146
1184;1089
1185;1033
1186;968
1187;903
1188;815
1189;728
1190;646
1191;565
1192;497
1193;428
1194;378
1195;328
1196;318
1197;308
1198;291
1199;274
1200;266
1201;258
1202;243
1203;229
1204;231
1205;232
1206;226
1207;220
1208;221
1209;222
1210;226
1211;231
1212;239
1213;247
1214;240
1215;233
1216;247
1217;260
1218;264
1219;268
1220;269
1221;270
1222;283
1223;296
1224;313
1225;330
1226;368
1227;406
1228;448
1229;491
1230;592
1231;693
1232;775
1233;857
1234;945
1235;1034
1236;1093
1237;1152
1238;1159
1239;1167
1240;1114
1241;1060
1242;958
1243;856
1244;763
1245;671
1246;578
1247;485
1248;432
1249;379
1250;349
1251;320
1252;294
1253;268
1254;261
1255;253
1256;246
1257;240
1258;238
1259;236
1260;237
1261;239
1262;236
1263;233
1264;235
1265;236
1266;230
1267;223
1268;225
1269;227
1270;243
1271;259
1272;267
1273;275
1274;287
1275;299
1276;318
1277;338
1278;378
1279;419
1280;459
1281;500
1282;591
1283;683
1284;796
1285;909
1286;1002
1287;1095
1288;1125
1289;1155
1290;1127
1291;1099
1292;1000
1293;901
1294;796
1295;692
1296;585
1297;479
1298;421
1299;363
1300;324
1301;286
1302;275
1303;265
1304;249
1305;234
1306;231
1307;229
1308;240
1309;251
1310;236
1311;221
1312;226
1313;231
1314;230
1315;230
1316;235
1317;240
1318;242
1319;245
1320;254
1321;263
1322;274
1323;284
1324;315
1325;345
1326;390
1327;434
1328;507
1329;581
1330;678
1331;776
1332;879
1333;983
1334;1042
1335;1101
1336;1096
1337;1091
1338;1014
1339;937
1340;832
1341;726
1342;626
1343;525
1344;452
1345;379
1346;347
1347;315
1348;283
1349;251
1350;252
1351;253
1352;254
1353;255
1354;244
1355;234
1356;235
1357;236
1358;236
1359;237
1360;236
1361;235
1362;238
1363;242
1364;250
1365;258
1366;268
1367;279
1368;279
