# Strom: 0.06 A
# Magnetfeld: 0 mT
# Schnitt bei (739,474)
# Mittelung: 1 Pixel
# Magnetfeldsensor unkalibriertPixel ; Red Value
1;445
2;462
3;480
4;534
5;589
6;658
7;728
8;914
9;1101
10;1437
11;1774
12;1937
13;2100
14;2154
15;2208
16;2259
17;2311
18;2094
19;1878
20;1605
21;1332
22;1151
23;970
24;828
25;686
26;653
27;620
28;579
29;538
30;516
31;495
32;492
33;489
34;462
35;436
36;432
37;429
38;435
39;442
40;458
41;475
42;491
43;507
44;534
45;562
46;608
47;655
48;804
49;953
50;1232
51;1512
52;1818
53;2124
54;2162
55;2200
56;2248
57;2297
58;2237
59;2177
60;1930
61;1683
62;1440
63;1197
64;1019
65;842
66;768
67;695
68;635
69;575
70;555
71;536
72;531
73;526
74;485
75;445
76;452
77;460
78;452
79;444
80;454
81;464
82;477
83;491
84;486
85;482
86;504
87;526
88;580
89;635
90;705
91;775
92;980
93;1185
94;1524
95;1864
96;2064
97;2264
98;2285
99;2306
100;2358
101;2411
102;2330
103;2249
104;1973
105;1698
106;1466
107;1235
108;1068
109;901
110;800
111;700
112;647
113;595
114;593
115;591
116;543
117;496
118;496
119;496
120;483
121;471
122;479
123;487
124;476
125;466
126;474
127;482
128;482
129;482
130;484
131;487
132;498
133;509
134;554
135;600
136;705
137;811
138;965
139;1119
140;1429
141;1740
142;1981
143;2222
144;2308
145;2395
146;2404
147;2413
148;2415
149;2417
150;2287
151;2157
152;1843
153;1529
154;1337
155;1146
156;1024
157;902
158;778
159;655
160;634
161;613
162;600
163;587
164;559
165;531
166;493
167;455
168;455
169;456
170;463
171;471
172;460
173;449
174;452
175;456
176;461
177;467
178;486
179;506
180;516
181;526
182;534
183;542
184;608
185;675
186;743
187;811
188;955
189;1099
190;1398
191;1698
192;1953
193;2208
194;2299
195;2391
196;2414
197;2437
198;2510
199;2584
200;2480
201;2377
202;2135
203;1893
204;1645
205;1398
206;1205
207;1013
208;926
209;839
210;771
211;704
212;661
213;618
214;603
215;589
216;547
217;506
218;504
219;502
220;498
221;495
222;489
223;484
224;473
225;462
226;460
227;458
228;456
229;455
230;464
231;473
232;484
233;496
234;508
235;520
236;545
237;571
238;606
239;642
240;710
241;779
242;874
243;970
244;1196
245;1423
246;1676
247;1929
248;2141
249;2353
250;2394
251;2435
252;2441
253;2448
254;2470
255;2493
256;2474
257;2455
258;2250
259;2046
260;1825
261;1605
262;1421
263;1237
264;1106
265;975
266;877
267;780
268;750
269;720
270;671
271;622
272;594
273;566
274;548
275;531
276;523
277;515
278;491
279;467
280;476
281;486
282;491
283;496
284;473
285;451
286;460
287;469
288;477
289;486
290;499
291;513
292;526
293;540
294;558
295;577
296;587
297;597
298;612
299;628
300;658
301;688
302;766
303;844
304;952
305;1061
306;1222
307;1383
308;1659
309;1936
310;2127
311;2319
312;2428
313;2537
314;2511
315;2486
316;2500
317;2515
318;2541
319;2568
320;2480
321;2393
322;2259
323;2126
324;1934
325;1742
326;1545
327;1348
328;1200
329;1053
330;973
331;893
332;847
333;802
334;752
335;702
336;687
337;673
338;638
339;604
340;593
341;582
342;569
343;557
344;549
345;542
346;536
347;531
348;522
349;513
350;508
351;504
352;510
353;516
354;507
355;498
356;502
357;507
358;535
359;564
360;568
361;573
362;576
363;580
364;559
365;538
366;593
367;649
368;650
369;651
370;680
371;709
372;718
373;728
374;805
375;882
376;965
377;1048
378;1168
379;1288
380;1511
381;1734
382;1986
383;2238
384;2340
385;2442
386;2532
387;2623
388;2589
389;2555
390;2555
391;2555
392;2618
393;2681
394;2620
395;2559
396;2558
397;2557
398;2366
399;2175
400;2040
401;1905
402;1726
403;1547
404;1417
405;1288
406;1197
407;1106
408;1029
409;953
410;916
411;879
412;849
413;819
414;791
415;764
416;746
417;729
418;724
419;719
420;686
421;653
422;657
423;662
424;665
425;669
426;641
427;613
428;620
429;628
430;615
431;602
432;597
433;593
434;615
435;637
436;622
437;607
438;633
439;660
440;655
441;651
442;657
443;664
444;664
445;664
446;662
447;660
448;686
449;713
450;721
451;729
452;734
453;740
454;773
455;806
456;803
457;800
458;835
459;870
460;872
461;875
462;918
463;962
464;994
465;1026
466;1103
467;1181
468;1298
469;1416
470;1528
471;1640
472;1789
473;1938
474;2141
475;2344
476;2559
477;2775
478;2778
479;2781
480;2846
481;2912
482;2874
483;2836
484;2827
485;2819
486;2804
487;2790
488;2803
489;2816
490;2883
491;2950
492;2923
493;2897
494;2855
495;2814
496;2683
497;2552
498;2438
499;2324
500;2202
501;2080
502;1962
503;1845
504;1764
505;1683
506;1575
507;1468
508;1423
509;1379
510;1372
511;1365
512;1323
513;1281
514;1289
515;1297
516;1290
517;1283
518;1259
519;1235
520;1193
521;1152
522;1173
523;1195
524;1186
525;1177
526;1171
527;1165
528;1164
529;1163
530;1157
531;1152
532;1135
533;1119
534;1131
535;1144
536;1145
537;1146
538;1156
539;1166
540;1150
541;1135
542;1135
543;1135
544;1119
545;1104
546;1124
547;1144
548;1172
549;1201
550;1141
551;1081
552;1147
553;1214
554;1201
555;1188
556;1191
557;1195
558;1172
559;1150
560;1155
561;1161
562;1171
563;1181
564;1185
565;1190
566;1225
567;1261
568;1226
569;1192
570;1205
571;1219
572;1248
573;1277
574;1261
575;1245
576;1270
577;1296
578;1279
579;1263
580;1258
581;1254
582;1263
583;1272
584;1254
585;1237
586;1267
587;1297
588;1272
589;1248
590;1270
591;1292
592;1320
593;1348
594;1376
595;1405
596;1418
597;1432
598;1444
599;1456
600;1460
601;1465
602;1480
603;1496
604;1540
605;1585
606;1621
607;1658
608;1659
609;1660
610;1741
611;1822
612;1781
613;1740
614;1849
615;1958
616;1994
617;2031
618;2098
619;2166
620;2215
621;2264
622;2365
623;2466
624;2579
625;2692
626;2738
627;2785
628;2863
629;2941
630;3007
631;3074
632;3078
633;3083
634;3154
635;3225
636;3248
637;3271
638;3231
639;3192
640;3242
641;3292
642;3277
643;3263
644;3240
645;3218
646;3192
647;3167
648;3146
649;3125
650;3148
651;3172
652;3105
653;3039
654;3059
655;3079
656;3069
657;3059
658;3087
659;3116
660;3123
661;3130
662;3101
663;3072
664;3122
665;3172
666;3131
667;3090
668;3136
669;3183
670;3193
671;3203
672;3162
673;3121
674;3134
675;3147
676;3135
677;3123
678;3135
679;3147
680;3106
681;3065
682;3098
683;3132
684;3119
685;3107
686;3088
687;3070
688;3071
689;3072
690;3043
691;3014
692;2947
693;2881
694;2860
695;2839
696;2824
697;2810
698;2743
699;2677
700;2693
701;2710
702;2663
703;2617
704;2587
705;2557
706;2556
707;2555
708;2493
709;2431
710;2405
711;2379
712;2355
713;2331
714;2344
715;2357
716;2314
717;2271
718;2282
719;2293
720;2265
721;2237
722;2250
723;2264
724;2235
725;2206
726;2172
727;2138
728;2141
729;2144
730;2127
731;2111
732;2100
733;2089
734;2093
735;2098
736;2083
737;2069
738;2103
739;2137
740;2097
741;2058
742;2018
743;1978
744;2034
745;2091
746;2070
747;2049
748;2059
749;2069
750;2087
751;2106
752;2109
753;2113
754;2082
755;2051
756;2105
757;2160
758;2132
759;2104
760;2105
761;2107
762;2130
763;2153
764;2216
765;2280
766;2266
767;2253
768;2287
769;2322
770;2326
771;2331
772;2392
773;2453
774;2498
775;2544
776;2474
777;2404
778;2477
779;2550
780;2573
781;2597
782;2596
783;2595
784;2646
785;2697
786;2713
787;2730
788;2760
789;2790
790;2815
791;2841
792;2829
793;2817
794;2821
795;2826
796;2850
797;2874
798;2913
799;2952
800;2975
801;2998
802;3010
803;3023
804;2982
805;2941
806;2954
807;2967
808;2927
809;2887
810;2883
811;2879
812;2871
813;2863
814;2862
815;2861
816;2813
817;2766
818;2738
819;2710
820;2731
821;2752
822;2721
823;2690
824;2700
825;2710
826;2709
827;2708
828;2710
829;2712
830;2749
831;2786
832;2741
833;2697
834;2773
835;2850
836;2826
837;2803
838;2797
839;2792
840;2862
841;2932
842;2910
843;2888
844;2830
845;2772
846;2707
847;2643
848;2604
849;2566
850;2502
851;2439
852;2353
853;2268
854;2144
855;2020
856;1985
857;1951
858;1848
859;1745
860;1682
861;1620
862;1549
863;1479
864;1392
865;1305
866;1258
867;1212
868;1183
869;1155
870;1109
871;1064
872;1031
873;999
874;978
875;957
876;906
877;855
878;850
879;846
880;814
881;782
882;761
883;740
884;715
885;691
886;690
887;689
888;674
889;660
890;675
891;691
892;666
893;642
894;630
895;618
896;624
897;631
898;609
899;587
900;614
901;642
902;606
903;571
904;573
905;575
906;566
907;557
908;565
909;573
910;545
911;518
912;524
913;531
914;541
915;551
916;532
917;513
918;521
919;529
920;519
921;509
922;518
923;527
924;519
925;511
926;503
927;496
928;491
929;486
930;504
931;522
932;512
933;502
934;523
935;544
936;525
937;506
938;501
939;496
940;496
941;496
942;493
943;491
944;516
945;542
946;535
947;529
948;540
949;551
950;546
951;542
952;557
953;573
954;573
955;573
956;596
957;620
958;634
959;649
960;653
961;657
962;674
963;691
964;720
965;749
966;776
967;804
968;827
969;851
970;871
971;891
972;955
973;1019
974;1117
975;1215
976;1293
977;1372
978;1477
979;1583
980;1761
981;1940
982;2050
983;2160
984;2300
985;2441
986;2532
987;2624
988;2621
989;2619
990;2564
991;2510
992;2510
993;2510
994;2470
995;2430
996;2451
997;2473
998;2482
999;2492
1000;2478
1001;2464
1002;2386
1003;2309
1004;2152
1005;1996
1006;1843
1007;1691
1008;1511
1009;1332
1010;1228
1011;1124
1012;1047
1013;970
1014;906
1015;842
1016;787
1017;733
1018;703
1019;673
1020;634
1021;595
1022;600
1023;606
1024;576
1025;546
1026;538
1027;531
1028;527
1029;524
1030;516
1031;509
1032;494
1033;480
1034;472
1035;464
1036;471
1037;478
1038;482
1039;486
1040;474
1041;462
1042;474
1043;487
1044;476
1045;466
1046;476
1047;487
1048;491
1049;496
1050;474
1051;453
1052;484
1053;515
1054;512
1055;509
1056;499
1057;489
1058;486
1059;484
1060;537
1061;591
1062;578
1063;566
1064;592
1065;618
1066;612
1067;606
1068;640
1069;675
1070;723
1071;771
1072;841
1073;911
1074;956
1075;1002
1076;1139
1077;1277
1078;1449
1079;1621
1080;1833
1081;2046
1082;2230
1083;2415
1084;2458
1085;2501
1086;2461
1087;2421
1088;2370
1089;2319
1090;2290
1091;2262
1092;2307
1093;2353
1094;2336
1095;2319
1096;2164
1097;2009
1098;1800
1099;1592
1100;1382
1101;1172
1102;1058
1103;944
1104;874
1105;804
1106;746
1107;688
1108;655
1109;622
1110;610
1111;598
1112;582
1113;567
1114;554
1115;542
1116;526
1117;511
1118;485
1119;460
1120;464
1121;469
1122;452
1123;435
1124;437
1125;440
1126;452
1127;464
1128;453
1129;442
1130;446
1131;451
1132;459
1133;467
1134;448
1135;429
1136;456
1137;484
1138;483
1139;482
1140;494
1141;506
1142;507
1143;509
1144;544
1145;580
1146;618
1147;657
1148;715
1149;773
1150;845
1151;917
1152;1051
1153;1186
1154;1350
1155;1514
1156;1744
1157;1975
1158;2098
1159;2222
1160;2290
1161;2359
1162;2293
1163;2228
1164;2195
1165;2162
1166;2158
1167;2155
1168;2124
1169;2093
1170;1844
1171;1596
1172;1403
1173;1210
1174;1078
1175;946
1176;844
1177;742
1178;700
1179;658
1180;608
1181;558
1182;532
1183;506
1184;485
1185;464
1186;460
1187;456
1188;451
1189;447
1190;439
1191;431
1192;440
1193;449
1194;451
1195;453
1196;452
1197;451
1198;443
1199;436
1200;447
1201;458
1202;484
1203;511
1204;482
1205;453
1206;486
1207;520
1208;533
1209;546
1210;569
1211;593
1212;634
1213;675
1214;750
1215;826
1216;944
1217;1063
1218;1257
1219;1452
1220;1642
1221;1833
1222;2032
1223;2231
1224;2263
1225;2295
1226;2178
1227;2062
1228;2071
1229;2080
1230;2062
1231;2044
1232;1859
1233;1674
1234;1419
1235;1165
1236;997
1237;830
1238;763
1239;697
1240;641
1241;586
1242;566
1243;547
1244;511
1245;476
1246;457
1247;438
1248;433
1249;429
1250;427
1251;425
1252;421
1253;418
1254;418
1255;418
1256;429
1257;440
1258;436
1259;433
1260;438
1261;444
1262;459
1263;475
1264;482
1265;489
1266;509
1267;529
1268;573
1269;617
1270;682
1271;748
1272;842
1273;937
1274;1070
1275;1203
1276;1446
1277;1689
1278;1921
1279;2153
1280;2208
1281;2264
1282;2224
1283;2184
1284;2155
1285;2126
1286;2025
1287;1924
1288;1703
1289;1483
1290;1241
1291;999
1292;859
1293;719
1294;650
1295;582
1296;548
1297;515
1298;490
1299;466
1300;437
1301;409
1302;417
1303;425
1304;419
1305;413
1306;422
1307;431
1308;428
1309;425
1310;434
1311;444
1312;449
1313;455
1314;461
1315;467
1316;474
1317;482
1318;511
1319;540
1320;586
1321;633
1322;700
1323;768
1324;868
1325;968
1326;1168
1327;1368
1328;1650
1329;1933
1330;2106
1331;2279
1332;2177
1333;2075
1334;2053
1335;2031
1336;1972
1337;1913
1338;1691
1339;1470
1340;1190
1341;910
1342;793
1343;677
1344;625
1345;573
1346;539
1347;506
1348;484
1349;462
1350;469
1351;476
1352;449
1353;422
1354;412
1355;402
1356;397
1357;393
1358;426
1359;460
1360;442
1361;424
1362;430
1363;436
1364;462
1365;489
1366;521
1367;553
1368;553
