# Strom: 0.09 A
# Magnetfeld: 0 mT
# Schnitt bei (739,474)
# Mittelung: 1 Pixel
# Magnetfeldsensor unkalibriertPixel ; Red Value
1;752
2;694
3;636
4;611
5;586
6;563
7;540
8;511
9;482
10;487
11;493
12;479
13;466
14;460
15;453
16;441
17;429
18;435
19;441
20;437
21;432
22;438
23;444
24;445
25;447
26;461
27;476
28;491
29;506
30;520
31;534
32;577
33;620
34;661
35;702
36;766
37;830
38;972
39;1113
40;1320
41;1526
42;1697
43;1869
44;1883
45;1898
46;1769
47;1641
48;1571
49;1501
50;1498
51;1495
52;1569
53;1643
54;1756
55;1870
56;1942
57;2015
58;1888
59;1761
60;1566
61;1370
62;1217
63;1064
64;958
65;852
66;794
67;736
68;704
69;672
70;633
71;594
72;572
73;550
74;531
75;513
76;503
77;494
78;504
79;514
80;501
81;488
82;473
83;457
84;460
85;462
86;459
87;455
88;450
89;444
90;459
91;474
92;478
93;483
94;486
95;490
96;499
97;508
98;521
99;534
100;553
101;573
102;582
103;592
104;626
105;659
106;716
107;772
108;851
109;929
110;1065
111;1201
112;1369
113;1537
114;1710
115;1883
116;1943
117;2003
118;1963
119;1923
120;1839
121;1756
122;1688
123;1621
124;1598
125;1576
126;1611
127;1646
128;1754
129;1862
130;1953
131;2043
132;2062
133;2081
134;1978
135;1875
136;1725
137;1575
138;1415
139;1255
140;1148
141;1041
142;972
143;903
144;835
145;766
146;729
147;693
148;674
149;656
150;645
151;634
152;608
153;582
154;566
155;550
156;548
157;547
158;544
159;540
160;524
161;507
162;506
163;505
164;502
165;499
166;503
167;507
168;496
169;484
170;499
171;513
172;503
173;493
174;487
175;480
176;491
177;502
178;517
179;532
180;535
181;538
182;549
183;561
184;566
185;572
186;581
187;590
188;603
189;616
190;634
191;652
192;676
193;701
194;731
195;761
196;823
197;886
198;953
199;1020
200;1122
201;1223
202;1364
203;1506
204;1624
205;1743
206;1906
207;2069
208;2122
209;2176
210;2144
211;2113
212;2052
213;1991
214;1940
215;1890
216;1822
217;1753
218;1727
219;1700
220;1723
221;1747
222;1776
223;1805
224;1875
225;1944
226;2030
227;2116
228;2199
229;2282
230;2316
231;2351
232;2313
233;2275
234;2152
235;2028
236;1896
237;1764
238;1659
239;1555
240;1451
241;1347
242;1234
243;1122
244;1081
245;1040
246;993
247;946
248;909
249;873
250;856
251;840
252;787
253;734
254;723
255;712
256;709
257;706
258;693
259;680
260;672
261;665
262;654
263;643
264;637
265;631
266;633
267;635
268;626
269;618
270;610
271;602
272;607
273;612
274;607
275;603
276;602
277;601
278;588
279;576
280;582
281;589
282;596
283;603
284;609
285;616
286;617
287;617
288;612
289;607
290;602
291;596
292;625
293;654
294;638
295;623
296;623
297;624
298;637
299;651
300;659
301;668
302;676
303;685
304;690
305;696
306;709
307;723
308;730
309;738
310;751
311;765
312;757
313;750
314;765
315;781
316;785
317;790
318;820
319;849
320;842
321;835
322;847
323;860
324;885
325;910
326;918
327;926
328;951
329;976
330;1006
331;1035
332;1055
333;1074
334;1111
335;1147
336;1191
337;1235
338;1268
339;1301
340;1359
341;1417
342;1458
343;1500
344;1571
345;1642
346;1722
347;1803
348;1873
349;1943
350;2022
351;2102
352;2178
353;2255
354;2335
355;2416
356;2482
357;2548
358;2584
359;2620
360;2638
361;2656
362;2663
363;2670
364;2678
365;2685
366;2655
367;2625
368;2612
369;2599
370;2533
371;2468
372;2457
373;2447
374;2422
375;2397
376;2358
377;2319
378;2306
379;2294
380;2244
381;2195
382;2184
383;2174
384;2153
385;2133
386;2140
387;2148
388;2147
389;2146
390;2139
391;2132
392;2129
393;2127
394;2123
395;2119
396;2142
397;2165
398;2189
399;2212
400;2206
401;2199
402;2240
403;2280
404;2283
405;2286
406;2320
407;2354
408;2381
409;2409
410;2417
411;2426
412;2479
413;2533
414;2520
415;2507
416;2547
417;2587
418;2571
419;2556
420;2592
421;2629
422;2661
423;2694
424;2700
425;2706
426;2712
427;2718
428;2729
429;2741
430;2759
431;2778
432;2821
433;2864
434;2841
435;2819
436;2800
437;2781
438;2788
439;2796
440;2779
441;2762
442;2779
443;2795
444;2769
445;2743
446;2752
447;2762
448;2738
449;2714
450;2735
451;2755
452;2735
453;2715
454;2695
455;2674
456;2704
457;2735
458;2699
459;2664
460;2681
461;2699
462;2661
463;2623
464;2664
465;2706
466;2703
467;2701
468;2681
469;2662
470;2687
471;2712
472;2695
473;2679
474;2666
475;2653
476;2679
477;2706
478;2702
479;2699
480;2707
481;2715
482;2726
483;2736
484;2747
485;2757
486;2774
487;2792
488;2797
489;2802
490;2793
491;2784
492;2817
493;2849
494;2819
495;2790
496;2815
497;2841
498;2855
499;2869
500;2878
501;2888
502;2888
503;2888
504;2894
505;2901
506;2916
507;2931
508;2938
509;2946
510;2937
511;2927
512;2918
513;2908
514;2922
515;2936
516;2908
517;2881
518;2902
519;2923
520;2894
521;2864
522;2860
523;2856
524;2826
525;2797
526;2781
527;2766
528;2754
529;2742
530;2743
531;2743
532;2702
533;2661
534;2618
535;2575
536;2564
537;2554
538;2529
539;2505
540;2521
541;2537
542;2503
543;2470
544;2481
545;2491
546;2457
547;2423
548;2426
549;2430
550;2414
551;2398
552;2384
553;2371
554;2394
555;2416
556;2387
557;2358
558;2383
559;2407
560;2449
561;2490
562;2471
563;2452
564;2492
565;2532
566;2535
567;2538
568;2573
569;2609
570;2627
571;2646
572;2700
573;2753
574;2794
575;2834
576;2862
577;2890
578;2968
579;3047
580;3051
581;3056
582;3096
583;3136
584;3125
585;3113
586;3066
587;3018
588;2966
589;2913
590;2861
591;2808
592;2723
593;2639
594;2527
595;2416
596;2345
597;2275
598;2181
599;2087
600;2009
601;1932
602;1883
603;1833
604;1786
605;1738
606;1666
607;1595
608;1546
609;1498
610;1474
611;1451
612;1409
613;1367
614;1355
615;1342
616;1315
617;1289
618;1265
619;1241
620;1219
621;1197
622;1197
623;1198
624;1171
625;1145
626;1132
627;1119
628;1108
629;1098
630;1089
631;1080
632;1084
633;1087
634;1076
635;1064
636;1071
637;1078
638;1061
639;1044
640;1048
641;1052
642;1060
643;1068
644;1050
645;1033
646;1038
647;1042
648;1038
649;1034
650;1025
651;1016
652;1019
653;1022
654;1023
655;1024
656;1040
657;1056
658;1041
659;1027
660;1015
661;1004
662;1021
663;1038
664;1034
665;1030
666;1041
667;1051
668;1052
669;1053
670;1048
671;1043
672;1042
673;1041
674;1059
675;1078
676;1090
677;1103
678;1094
679;1086
680;1104
681;1123
682;1126
683;1129
684;1127
685;1126
686;1150
687;1174
688;1178
689;1182
690;1204
691;1226
692;1243
693;1260
694;1295
695;1331
696;1361
697;1391
698;1419
699;1448
700;1520
701;1592
702;1637
703;1682
704;1779
705;1877
706;2010
707;2144
708;2294
709;2444
710;2594
711;2744
712;2868
713;2993
714;3054
715;3116
716;3070
717;3025
718;2928
719;2830
720;2711
721;2592
722;2553
723;2513
724;2452
725;2392
726;2407
727;2423
728;2439
729;2455
730;2540
731;2625
732;2702
733;2779
734;2858
735;2937
736;2929
737;2921
738;2820
739;2720
740;2574
741;2429
742;2229
743;2029
744;1863
745;1698
746;1573
747;1448
748;1359
749;1269
750;1194
751;1119
752;1092
753;1066
754;1022
755;979
756;951
757;923
758;884
759;845
760;835
761;825
762;821
763;818
764;809
765;801
766;790
767;779
768;769
769;760
770;761
771;762
772;759
773;756
774;769
775;782
776;777
777;771
778;764
779;757
780;748
781;740
782;749
783;758
784;754
785;749
786;761
787;773
788;774
789;775
790;797
791;820
792;828
793;837
794;836
795;836
796;875
797;915
798;940
799;966
800;1038
801;1111
802;1162
803;1214
804;1332
805;1449
806;1583
807;1717
808;1942
809;2167
810;2356
811;2545
812;2642
813;2740
814;2764
815;2788
816;2623
817;2458
818;2376
819;2295
820;2243
821;2191
822;2234
823;2278
824;2333
825;2388
826;2503
827;2618
828;2686
829;2754
830;2680
831;2605
832;2357
833;2108
834;1855
835;1601
836;1452
837;1303
838;1180
839;1057
840;990
841;924
842;889
843;854
844;817
845;781
846;779
847;778
848;749
849;719
850;700
851;680
852;694
853;708
854;683
855;658
856;660
857;663
858;660
859;657
860;667
861;677
862;680
863;684
864;687
865;690
866;702
867;714
868;707
869;700
870;736
871;772
872;761
873;751
874;790
875;830
876;870
877;910
878;982
879;1053
880;1155
881;1256
882;1402
883;1548
884;1768
885;1988
886;2237
887;2486
888;2664
889;2843
890;2775
891;2706
892;2543
893;2379
894;2309
895;2239
896;2251
897;2263
898;2373
899;2484
900;2584
901;2685
902;2642
903;2599
904;2406
905;2213
906;1943
907;1673
908;1445
909;1217
910;1100
911;984
912;936
913;889
914;825
915;761
916;754
917;747
918;747
