# Strom: -0.08 A
# Magnetfeld: 0 mT
# Schnitt bei (739,474)
# Mittelung: 1 Pixel
# Magnetfeldsensor unkalibriertPixel ; Red Value
1;389
2;436
3;484
4;568
5;653
6;694
7;735
8;755
9;775
10;757
11;740
12;698
13;657
14;622
15;587
16;567
17;547
18;555
19;564
20;601
21;638
22;704
23;771
24;820
25;870
26;830
27;790
28;735
29;680
30;586
31;493
32;446
33;400
34;380
35;360
36;358
37;356
38;353
39;351
40;383
41;415
42;445
43;475
44;554
45;633
46;661
47;689
48;720
49;751
50;755
51;760
52;704
53;649
54;631
55;613
56;593
57;573
58;555
59;538
60;550
61;562
62;616
63;671
64;761
65;851
66;889
67;928
68;870
69;813
70;732
71;651
72;583
73;516
74;460
75;405
76;387
77;369
78;351
79;333
80;335
81;338
82;353
83;369
84;428
85;487
86;516
87;546
88;610
89;675
90;709
91;744
92;775
93;806
94;773
95;740
96;711
97;682
98;651
99;620
100;586
101;553
102;560
103;567
104;564
105;562
106;648
107;735
108;792
109;850
110;873
111;897
112;882
113;868
114;787
115;706
116;636
117;567
118;508
119;449
120;423
121;398
122;386
123;374
124;363
125;353
126;350
127;347
128;371
129;395
130;431
131;467
132;513
133;560
134;656
135;753
136;793
137;833
138;816
139;800
140;793
141;786
142;747
143;708
144;677
145;646
146;640
147;635
148;607
149;580
150;581
151;582
152;614
153;646
154;704
155;762
156;830
157;899
158;906
159;913
160;902
161;891
162;814
163;737
164;673
165;609
166;532
167;456
168;446
169;436
170;398
171;360
172;369
173;378
174;374
175;371
176;384
177;398
178;422
179;447
180;478
181;509
182;573
183;637
184;688
185;740
186;796
187;853
188;852
189;851
190;819
191;788
192;775
193;762
194;715
195;668
196;646
197;624
198;604
199;584
200;586
201;589
202;594
203;600
204;648
205;697
206;741
207;786
208;859
209;933
210;956
211;979
212;931
213;884
214;834
215;784
216;694
217;604
218;544
219;484
220;459
221;435
222;423
223;411
224;392
225;374
226;369
227;364
228;370
229;376
230;390
231;404
232;416
233;429
234;473
235;518
236;582
237;646
238;693
239;740
240;777
241;815
242;835
243;855
244;858
245;861
246;830
247;800
248;774
249;748
250;706
251;664
252;660
253;657
254;627
255;597
256;610
257;624
258;617
259;611
260;634
261;658
262;721
263;784
264;843
265;902
266;956
267;1010
268;987
269;964
270;949
271;935
272;849
273;764
274;716
275;668
276;629
277;591
278;545
279;500
280;468
281;436
282;431
283;427
284;413
285;400
286;412
287;425
288;416
289;407
290;422
291;438
292;431
293;425
294;464
295;504
296;554
297;604
298;659
299;715
300;766
301;817
302;859
303;902
304;902
305;902
306;896
307;890
308;884
309;879
310;824
311;769
312;764
313;760
314;733
315;706
316;679
317;653
318;651
319;649
320;628
321;607
322;629
323;651
324;661
325;671
326;712
327;753
328;789
329;826
330;896
331;966
332;1027
333;1088
334;1076
335;1064
336;1032
337;1001
338;913
339;826
340;779
341;733
342;693
343;653
344;597
345;542
346;525
347;509
348;482
349;455
350;449
351;444
352;424
353;404
354;413
355;422
356;424
357;427
358;421
359;415
360;423
361;431
362;453
363;475
364;509
365;544
366;576
367;609
368;627
369;646
370;717
371;788
372;862
373;937
374;930
375;924
376;956
377;988
378;983
379;979
380;918
381;857
382;864
383;871
384;855
385;839
386;810
387;782
388;753
389;724
390;695
391;666
392;665
393;664
394;655
395;646
396;661
397;677
398;659
399;642
400;667
401;693
402;696
403;699
404;749
405;799
406;850
407;902
408;966
409;1030
410;1065
411;1101
412;1108
413;1115
414;1114
415;1114
416;1062
417;1010
418;933
419;857
420;814
421;771
422;731
423;691
424;646
425;602
426;578
427;555
428;530
429;506
430;495
431;484
432;475
433;467
434;457
435;447
436;439
437;431
438;432
439;433
440;429
441;425
442;430
443;435
444;445
445;456
446;450
447;444
448;469
449;495
450;520
451;546
452;556
453;567
454;592
455;617
456;678
457;739
458;759
459;780
460;842
461;904
462;921
463;939
464;952
465;966
466;978
467;990
468;985
469;981
470;954
471;928
472;927
473;926
474;888
475;851
476;840
477;830
478;825
479;820
480;813
481;806
482;793
483;780
484;777
485;775
486;736
487;697
488;690
489;684
490;682
491;680
492;684
493;689
494;694
495;700
496;681
497;662
498;708
499;755
500;726
501;697
502;706
503;715
504;739
505;764
506;810
507;857
508;921
509;986
510;1015
511;1044
512;1069
513;1095
514;1136
515;1177
516;1165
517;1154
518;1156
519;1159
520;1150
521;1141
522;1090
523;1039
524;1006
525;973
526;934
527;895
528;848
529;802
530;770
531;739
532;728
533;717
534;676
535;635
536;622
537;609
538;591
539;573
540;565
541;557
542;544
543;531
544;517
545;504
546;502
547;500
548;484
549;469
550;479
551;489
552;476
553;464
554;448
555;433
556;454
557;476
558;452
559;429
560;434
561;440
562;443
563;447
564;467
565;487
566;459
567;431
568;453
569;475
570;488
571;502
572;488
573;475
574;489
575;504
576;507
577;511
578;530
579;549
580;557
581;566
582;586
583;606
584;620
585;635
586;638
587;642
588;665
589;689
590;744
591;799
592;802
593;806
594;839
595;873
596;901
597;930
598;928
599;926
600;964
601;1002
602;1034
603;1066
604;1060
605;1055
606;1056
607;1057
608;1042
609;1028
610;1034
611;1041
612;1047
613;1053
614;1032
615;1012
616;977
617;942
618;943
619;944
620;975
621;1006
622;966
623;926
624;911
625;897
626;895
627;893
628;892
629;891
630;868
631;846
632;834
633;822
634;821
635;820
636;819
637;819
638;812
639;806
640;808
641;810
642;764
643;719
644;738
645;757
646;740
647;724
648;718
649;713
650;714
651;715
652;745
653;775
654;749
655;724
656;723
657;722
658;731
659;740
660;710
661;680
662;684
663;688
664;693
665;699
666;697
667;695
668;691
669;688
670;707
671;726
672;728
673;731
674;725
675;719
676;687
677;655
678;675
679;695
680;683
681;671
682;664
683;658
684;650
685;642
686;673
687;704
688;702
689;700
690;694
691;689
692;676
693;664
694;680
695;697
696;677
697;658
698;665
699;673
700;672
701;671
702;668
703;666
704;677
705;689
706;681
707;673
708;678
709;684
710;707
711;731
712;706
713;682
714;665
715;649
716;661
717;673
718;688
719;704
720;703
721;702
722;701
723;700
724;683
725;666
726;676
727;686
728;671
729;657
730;671
731;686
732;687
733;689
734;675
735;662
736;667
737;673
738;681
739;689
740;686
741;684
742;693
743;702
744;701
745;700
746;704
747;709
748;708
749;708
750;686
751;664
752;682
753;700
754;701
755;702
756;695
757;689
758;677
759;666
760;687
761;708
762;693
763;678
764;666
765;655
766;643
767;631
768;648
769;666
770;670
771;675
772;666
773;658
774;665
775;673
776;662
777;651
778;645
779;640
780;654
781;668
782;661
783;655
784;656
785;658
786;643
787;628
788;621
789;615
790;620
791;626
792;655
793;684
794;670
795;657
796;658
797;660
798;644
799;629
800;653
801;677
802;666
803;655
804;652
805;649
806;653
807;658
808;661
809;664
810;670
811;677
812;665
813;653
814;659
815;666
816;672
817;678
818;674
819;671
820;667
821;664
822;659
823;655
824;684
825;713
826;704
827;695
828;668
829;642
830;687
831;733
832;746
833;759
834;718
835;677
836;682
837;688
838;698
839;708
840;739
841;771
842;758
843;746
844;726
845;706
846;727
847;749
848;774
849;799
850;794
851;790
852;804
853;819
854;813
855;808
856;838
857;868
858;884
859;901
860;895
861;890
862;935
863;981
864;971
865;962
866;973
867;984
868;991
869;999
870;1011
871;1024
872;1014
873;1004
874;1014
875;1024
876;995
877;966
878;972
879;979
880;976
881;973
882;936
883;899
884;867
885;835
886;794
887;753
888;724
889;695
890;680
891;666
892;644
893;622
894;598
895;575
896;535
897;496
898;505
899;515
900;490
901;466
902;440
903;415
904;411
905;407
906;421
907;436
908;422
909;409
910;400
911;391
912;391
913;391
914;397
915;404
916;386
917;369
918;371
919;374
920;368
921;362
922;376
923;391
924;381
925;371
926;364
927;358
928;368
929;378
930;391
931;404
932;401
933;398
934;396
935;395
936;399
937;404
938;419
939;435
940;455
941;475
942;485
943;496
944;534
945;573
946;570
947;567
948;599
949;631
950;675
951;719
952;783
953;848
954;848
955;848
956;908
957;968
958;1003
959;1039
960;1074
961;1110
962;1150
963;1190
964;1170
965;1150
966;1128
967;1106
968;1064
969;1023
970;937
971;851
972;805
973;760
974;752
975;744
976;698
977;653
978;656
979;660
980;637
981;615
982;605
983;595
984;607
985;620
986;630
987;640
988;627
989;615
990;605
991;595
992;610
993;626
994;637
995;649
996;665
997;682
998;668
999;655
1000;681
1001;708
1002;711
1003;715
1004;764
1005;813
1006;816
1007;819
1008;840
1009;861
1010;900
1011;939
1012;932
1013;926
1014;937
1015;948
1016;961
1017;975
1018;926
1019;877
1020;835
1021;793
1022;738
1023;684
1024;635
1025;586
1026;556
1027;527
1028;490
1029;453
1030;431
1031;409
1032;395
1033;382
1034;372
1035;362
1036;354
1037;347
1038;353
1039;360
1040;363
1041;367
1042;375
1043;384
1044;379
1045;374
1046;389
1047;404
1048;404
1049;405
1050;420
1051;435
1052;438
1053;442
1054;471
1055;500
1056;551
1057;602
1058;645
1059;689
1060;729
1061;769
1062;835
1063;902
1064;969
1065;1037
1066;1078
1067;1119
1068;1104
1069;1090
1070;1071
1071;1053
1072;962
1073;871
1074;785
1075;700
1076;673
1077;646
1078;656
1079;666
1080;621
1081;577
1082;579
1083;582
1084;574
1085;567
1086;591
1087;615
1088;625
1089;635
1090;624
1091;613
1092;645
1093;678
1094;695
1095;713
1096;738
1097;764
1098;806
1099;848
1100;860
1101;873
1102;907
1103;941
1104;942
1105;944
1106;940
1107;937
1108;871
1109;806
1110;720
1111;635
1112;587
1113;540
1114;501
1115;462
1116;440
1117;418
1118;404
1119;391
1120;377
1121;364
1122;349
1123;334
1124;339
1125;345
1126;344
1127;344
1128;364
1129;384
1130;400
1131;416
1132;414
1133;413
1134;446
1135;480
1136;511
1137;542
1138;603
1139;664
1140;742
1141;820
1142;924
1143;1028
1144;1070
1145;1112
1146;1104
1147;1097
1148;1026
1149;955
1150;884
1151;813
1152;759
1153;706
1154;663
1155;620
1156;624
1157;629
1158;602
1159;575
1160;584
1161;593
1162;595
1163;597
1164;609
1165;622
1166;645
1167;669
1168;691
1169;713
1170;728
1171;744
1172;796
1173;848
1174;891
1175;935
1176;942
1177;950
1178;895
1179;840
1180;789
1181;739
1182;632
1183;526
1184;496
1185;467
1186;431
1187;395
1188;374
1189;353
1190;353
1191;354
1192;346
1193;338
1194;348
1195;358
1196;359
1197;360
1198;380
1199;400
1200;426
1201;453
1202;487
1203;522
1204;570
1205;618
1206;683
1207;749
1208;866
1209;984
1210;1038
1211;1092
1212;1077
1213;1063
1214;983
1215;904
1216;825
1217;746
1218;703
1219;660
1220;621
1221;582
1222;578
1223;575
1224;580
1225;586
1226;596
1227;607
1228;615
1229;624
1230;639
1231;655
1232;717
1233;780
1234;824
1235;868
1236;872
1237;877
1238;889
1239;901
1240;845
1241;790
1242;705
1243;620
1244;549
1245;478
1246;445
1247;413
1248;386
1249;360
1250;360
1251;360
1252;362
1253;365
1254;357
1255;349
1256;355
1257;362
1258;372
1259;382
1260;427
1261;473
1262;533
1263;593
1264;654
1265;715
1266;868
1267;1021
1268;1042
1269;1063
1270;1046
1271;1030
1272;936
1273;842
1274;741
1275;640
1276;639
1277;638
1278;609
1279;580
1280;583
1281;586
1282;597
1283;609
1284;625
1285;642
1286;668
1287;695
1288;733
1289;771
1290;813
1291;855
1292;882
1293;910
1294;875
1295;840
1296;742
1297;644
1298;577
1299;511
1300;463
1301;416
1302;390
1303;364
1304;353
1305;342
1306;335
1307;329
1308;344
1309;360
1310;366
1311;373
1312;407
1313;442
1314;497
1315;553
1316;647
1317;742
1318;805
1319;868
1320;953
1321;1039
1322;994
1323;950
1324;859
1325;769
1326;715
1327;662
1328;621
1329;580
1330;555
1331;531
1332;571
1333;611
1334;621
1335;631
1336;676
1337;722
1338;754
1339;786
1340;823
1341;861
1342;885
1343;910
1344;853
1345;797
1346;693
1347;589
1348;514
1349;440
1350;400
1351;360
1352;349
1353;338
1354;338
1355;338
1356;339
1357;340
1358;365
1359;391
1360;433
1361;475
1362;501
1363;527
1364;613
1365;699
1366;806
1367;913
1368;913
