# Strom: -0.33 A
# Magnetfeld: 24 mT
# Schnitt bei (696,491)
# Mittelung: 1 Pixel
# Magnetfeldsensor kalibriertPixel ; Red Value
1;762
2;765
3;769
4;774
5;779
6;785
7;791
8;854
9;917
10;987
11;1057
12;1077
13;1097
14;1079
15;1061
16;1028
17;995
18;937
19;879
20;838
21;797
22;797
23;797
24;837
25;877
26;931
27;986
28;985
29;984
30;953
31;922
32;868
33;815
34;757
35;699
36;650
37;602
38;579
39;557
40;538
41;520
42;508
43;496
44;481
45;466
46;448
47;431
48;454
49;478
50;513
51;549
52;601
53;653
54;701
55;749
56;817
57;886
58;899
59;913
60;914
61;915
62;918
63;922
64;911
65;901
66;902
67;904
68;925
69;946
70;1022
71;1099
72;1157
73;1215
74;1307
75;1399
76;1393
77;1388
78;1341
79;1294
80;1250
81;1206
82;1147
83;1088
84;1066
85;1044
86;1012
87;981
88;998
89;1015
90;1054
91;1094
92;1138
93;1183
94;1163
95;1144
96;1135
97;1126
98;1072
99;1019
100;958
101;897
102;818
103;740
104;692
105;644
106;622
107;600
108;576
109;553
110;529
111;506
112;491
113;476
114;481
115;487
116;506
117;526
118;537
119;549
120;561
121;573
122;616
123;660
124;691
125;722
126;780
127;839
128;876
129;913
130;900
131;888
132;889
133;891
134;876
135;861
136;840
137;820
138;836
139;853
140;856
141;859
142;890
143;922
144;983
145;1044
146;1072
147;1101
148;1189
149;1277
150;1275
151;1274
152;1216
153;1159
154;1136
155;1114
156;1066
157;1019
158;983
159;948
160;915
161;882
162;853
163;824
164;824
165;824
166;837
167;850
168;909
169;968
170;991
171;1015
172;1011
173;1008
174;995
175;982
176;945
177;908
178;869
179;831
180;789
181;748
182;699
183;651
184;643
185;635
186;599
187;564
188;570
189;577
190;556
191;535
192;505
193;475
194;485
195;495
196;480
197;466
198;468
199;471
200;483
201;496
202;503
203;511
204;526
205;542
206;562
207;582
208;622
209;662
210;696
211;731
212;784
213;837
214;849
215;862
216;886
217;911
218;941
219;972
220;929
221;886
222;888
223;891
224;886
225;882
226;882
227;882
228;902
229;922
230;916
231;910
232;919
233;928
234;971
235;1015
236;1034
237;1053
238;1119
239;1185
240;1240
241;1296
242;1366
243;1436
244;1440
245;1445
246;1474
247;1503
248;1473
249;1443
250;1443
251;1443
252;1358
253;1274
254;1235
255;1197
256;1211
257;1225
258;1177
259;1130
260;1092
261;1055
262;1053
263;1052
264;1022
265;992
266;1025
267;1059
268;1061
269;1064
270;1068
271;1072
272;1082
273;1092
274;1116
275;1141
276;1158
277;1175
278;1170
279;1165
280;1145
281;1126
282;1109
283;1092
284;1068
285;1044
286;997
287;950
288;896
289;842
290;843
291;844
292;806
293;769
294;738
295;708
296;703
297;699
298;648
299;597
300;608
301;620
302;611
303;602
304;591
305;580
306;563
307;546
308;534
309;522
310;525
311;529
312;510
313;491
314;495
315;500
316;503
317;507
318;490
319;473
320;471
321;469
322;498
323;527
324;528
325;529
326;533
327;538
328;532
329;526
330;537
331;549
332;576
333;604
334;597
335;591
336;609
337;628
338;662
339;697
340;711
341;726
342;751
343;777
344;820
345;864
346;869
347;875
348;897
349;919
350;927
351;935
352;928
353;921
354;944
355;968
356;959
357;950
358;978
359;1006
360;1009
361;1012
362;1002
363;992
364;972
365;952
366;953
367;955
368;934
369;913
370;939
371;966
372;953
373;941
374;949
375;957
376;965
377;973
378;969
379;966
380;959
381;953
382;984
383;1015
384;1023
385;1032
386;1013
387;995
388;1005
389;1015
390;1037
391;1059
392;1079
393;1099
394;1115
395;1132
396;1153
397;1174
398;1184
399;1194
400;1239
401;1285
402;1319
403;1354
404;1375
405;1396
406;1420
407;1445
408;1472
409;1499
410;1524
411;1550
412;1579
413;1609
414;1630
415;1652
416;1681
417;1711
418;1702
419;1694
420;1699
421;1705
422;1737
423;1769
424;1739
425;1709
426;1680
427;1652
428;1693
429;1734
430;1699
431;1665
432;1656
433;1647
434;1630
435;1614
436;1589
437;1565
438;1574
439;1583
440;1542
441;1501
442;1474
443;1447
444;1462
445;1478
446;1447
447;1416
448;1391
449;1367
450;1386
451;1405
452;1402
453;1399
454;1341
455;1283
456;1313
457;1343
458;1329
459;1316
460;1286
461;1256
462;1242
463;1228
464;1244
465;1261
466;1230
467;1199
468;1187
469;1175
470;1166
471;1157
472;1160
473;1163
474;1165
475;1168
476;1141
477;1114
478;1112
479;1110
480;1096
481;1083
482;1082
483;1081
484;1088
485;1095
486;1101
487;1108
488;1107
489;1106
490;1075
491;1044
492;1063
493;1083
494;1080
495;1077
496;1073
497;1070
498;1041
499;1012
500;1023
501;1035
502;1037
503;1039
504;1046
505;1053
506;1049
507;1046
508;1054
509;1063
510;1075
511;1088
512;1078
513;1068
514;1071
515;1075
516;1082
517;1090
518;1086
519;1083
520;1103
521;1123
522;1132
523;1141
524;1141
525;1141
526;1142
527;1144
528;1148
529;1152
530;1187
531;1223
532;1205
533;1188
534;1180
535;1172
536;1216
537;1261
538;1276
539;1292
540;1286
541;1281
542;1293
543;1305
544;1313
545;1321
546;1335
547;1350
548;1385
549;1421
550;1406
551;1392
552;1401
553;1410
554;1470
555;1530
556;1507
557;1485
558;1488
559;1492
560;1537
561;1583
562;1596
563;1610
564;1598
565;1587
566;1597
567;1607
568;1609
569;1612
570;1616
571;1620
572;1660
573;1700
574;1685
575;1671
576;1658
577;1645
578;1654
579;1663
580;1606
581;1550
582;1546
583;1543
584;1529
585;1516
586;1487
587;1458
588;1461
589;1465
590;1406
591;1348
592;1333
593;1319
594;1294
595;1270
596;1250
597;1230
598;1216
599;1203
600;1168
601;1134
602;1108
603;1083
604;1096
605;1110
606;1090
607;1070
608;1061
609;1052
610;1035
611;1019
612;1059
613;1099
614;1053
615;1008
616;1035
617;1063
618;1048
619;1033
620;1048
621;1063
622;1065
623;1068
624;1053
625;1039
626;1040
627;1041
628;1043
629;1046
630;1060
631;1075
632;1086
633;1097
634;1080
635;1064
636;1094
637;1124
638;1124
639;1124
640;1096
641;1068
642;1084
643;1101
644;1056
645;1012
646;989
647;966
648;966
649;966
650;914
651;862
652;838
653;815
654;785
655;755
656;725
657;695
658;670
659;646
660;637
661;629
662;619
663;609
664;603
665;597
666;598
667;600
668;572
669;544
670;535
671;526
672;546
673;567
674;550
675;533
676;522
677;511
678;531
679;551
680;548
681;546
682;543
683;540
684;536
685;533
686;548
687;564
688;569
689;575
690;573
691;571
692;572
693;573
694;592
695;611
696;654
697;697
698;716
699;735
700;777
701;820
702;835
703;851
704;898
705;946
706;989
707;1033
708;1084
709;1135
710;1177
711;1219
712;1265
713;1312
714;1333
715;1354
716;1331
717;1308
718;1283
719;1259
720;1237
721;1215
722;1197
723;1179
724;1146
725;1114
726;1110
727;1106
728;1073
729;1041
730;1056
731;1072
732;1103
733;1134
734;1174
735;1215
736;1250
737;1285
738;1393
739;1501
740;1552
741;1603
742;1691
743;1780
744;1805
745;1831
746;1862
747;1894
748;1892
749;1891
750;1821
751;1752
752;1693
753;1634
754;1534
755;1434
756;1373
757;1312
758;1273
759;1235
760;1207
761;1179
762;1174
763;1170
764;1175
765;1181
766;1183
767;1185
768;1239
769;1294
770;1290
771;1286
772;1319
773;1352
774;1322
775;1292
776;1260
777;1228
778;1191
779;1155
780;1101
781;1048
782;956
783;864
784;836
785;808
786;760
787;713
788;693
789;673
790;660
791;648
792;618
793;589
794;582
795;575
796;557
797;540
798;562
799;584
800;570
801;557
802;576
803;595
804;608
805;622
806;659
807;697
808;676
809;655
810;711
811;768
812;795
813;822
814;881
815;941
816;1022
817;1103
818;1131
819;1159
820;1188
821;1217
822;1212
823;1208
824;1163
825;1119
826;1113
827;1108
828;1062
829;1017
830;992
831;968
832;990
833;1013
834;1032
835;1052
836;1095
837;1139
838;1223
839;1308
840;1319
841;1330
842;1391
843;1452
844;1468
845;1485
846;1400
847;1316
848;1275
849;1234
850;1181
851;1128
852;1064
853;1001
854;1010
855;1019
856;1013
857;1008
858;1019
859;1030
860;1051
861;1073
862;1079
863;1086
864;1106
865;1126
866;1080
867;1035
868;998
869;962
870;894
871;826
872;750
873;675
874;669
875;664
876;624
877;584
878;570
879;557
880;563
881;569
882;575
883;582
884;571
885;560
886;566
887;573
888;628
889;684
890;686
891;689
892;742
893;795
894;891
895;988
896;1052
897;1117
898;1138
899;1159
900;1204
901;1250
902;1257
903;1265
904;1224
905;1183
906;1160
907;1137
908;1162
909;1188
910;1202
911;1217
912;1288
913;1359
914;1409
915;1459
916;1525
917;1592
918;1592
