# Strom: 0.08 A
# Magnetfeld: 0 mT
# Schnitt bei (739,474)
# Mittelung: 1 Pixel
# Magnetfeldsensor unkalibriertPixel ; Red Value
1;350
2;326
3;302
4;290
5;278
6;263
7;249
8;255
9;262
10;249
11;236
12;240
13;244
14;243
15;243
16;231
17;219
18;217
19;216
20;226
21;237
22;235
23;233
24;230
25;228
26;228
27;229
28;230
29;232
30;236
31;240
32;240
33;240
34;243
35;247
36;254
37;261
38;277
39;292
40;296
41;300
42;321
43;343
44;359
45;375
46;387
47;399
48;428
49;458
50;510
51;563
52;627
53;691
54;768
55;845
56;857
57;869
58;818
59;767
60;688
61;609
62;541
63;473
64;437
65;402
66;373
67;345
68;328
69;312
70;305
71;298
72;289
73;280
74;268
75;257
76;258
77;259
78;253
79;247
80;239
81;232
82;237
83;241
84;248
85;256
86;246
87;237
88;242
89;248
90;246
91;244
92;238
93;231
94;233
95;235
96;232
97;230
98;243
99;256
100;253
101;250
102;248
103;246
104;251
105;257
106;266
107;275
108;278
109;282
110;290
111;298
112;308
113;319
114;338
115;357
116;368
117;380
118;388
119;397
120;420
121;444
122;468
123;493
124;518
125;544
126;601
127;658
128;740
129;822
130;872
131;922
132;925
133;928
134;867
135;806
136;739
137;673
138;611
139;549
140;504
141;460
142;439
143;418
144;381
145;345
146;334
147;324
148;319
149;313
150;305
151;298
152;292
153;286
154;275
155;263
156;269
157;275
158;271
159;268
160;263
161;258
162;257
163;257
164;255
165;253
166;254
167;254
168;249
169;243
170;246
171;250
172;247
173;245
174;245
175;245
176;242
177;239
178;245
179;252
180;252
181;252
182;251
183;251
184;253
185;255
186;251
187;248
188;251
189;254
190;259
191;265
192;258
193;251
194;266
195;281
196;282
197;283
198;286
199;289
200;312
201;336
202;326
203;317
204;334
205;351
206;364
207;377
208;384
209;391
210;394
211;397
212;409
213;422
214;445
215;469
216;491
217;513
218;540
219;568
220;596
221;625
222;665
223;704
224;751
225;798
226;866
227;933
228;947
229;960
230;980
231;1000
232;965
233;930
234;896
235;861
236;792
237;723
238;681
239;639
240;613
241;586
242;545
243;504
244;480
245;456
246;443
247;431
248;402
249;374
250;366
251;358
252;354
253;350
254;340
255;330
256;333
257;336
258;335
259;334
260;320
261;306
262;306
263;306
264;304
265;302
266;298
267;295
268;290
269;286
270;284
271;282
272;289
273;295
274;291
275;288
276;284
277;281
278;277
279;274
280;273
281;272
282;275
283;278
284;275
285;272
286;277
287;282
288;275
289;268
290;268
291;269
292;273
293;276
294;276
295;275
296;270
297;265
298;284
299;303
300;291
301;279
302;290
303;301
304;293
305;285
306;291
307;297
308;300
309;302
310;297
311;292
312;297
313;302
314;298
315;293
316;295
317;298
318;302
319;307
320;303
321;299
322;306
323;312
324;319
325;326
326;318
327;311
328;322
329;333
330;339
331;345
332;335
333;324
334;339
335;354
336;349
337;345
338;349
339;354
340;354
341;353
342;364
343;376
344;373
345;370
346;376
347;382
348;386
349;391
350;407
351;424
352;424
353;424
354;428
355;432
356;441
357;451
358;450
359;450
360;457
361;465
362;467
363;470
364;486
365;502
366;495
367;487
368;488
369;490
370;503
371;517
372;519
373;521
374;536
375;552
376;559
377;566
378;566
379;565
380;581
381;596
382;599
383;603
384;609
385;615
386;638
387;661
388;664
389;667
390;669
391;672
392;688
393;704
394;718
395;732
396;732
397;732
398;744
399;757
400;784
401;811
402;822
403;834
404;840
405;847
406;871
407;895
408;913
409;931
410;951
411;971
412;967
413;963
414;979
415;995
416;1021
417;1047
418;1067
419;1088
420;1089
421;1090
422;1107
423;1124
424;1149
425;1173
426;1179
427;1185
428;1179
429;1172
430;1147
431;1122
432;1155
433;1188
434;1196
435;1204
436;1186
437;1167
438;1186
439;1205
440;1183
441;1161
442;1182
443;1202
444;1175
445;1149
446;1164
447;1179
448;1187
449;1195
450;1170
451;1144
452;1141
453;1138
454;1135
455;1133
456;1134
457;1134
458;1136
459;1137
460;1153
461;1170
462;1141
463;1112
464;1121
465;1131
466;1124
467;1118
468;1110
469;1103
470;1110
471;1118
472;1119
473;1121
474;1132
475;1143
476;1131
477;1119
478;1130
479;1141
480;1138
481;1136
482;1156
483;1177
484;1178
485;1180
486;1157
487;1135
488;1152
489;1169
490;1183
491;1198
492;1182
493;1166
494;1180
495;1194
496;1200
497;1205
498;1214
499;1223
500;1215
501;1207
502;1211
503;1215
504;1232
505;1250
506;1248
507;1246
508;1273
509;1300
510;1276
511;1253
512;1259
513;1265
514;1226
515;1187
516;1209
517;1231
518;1231
519;1231
520;1221
521;1211
522;1195
523;1179
524;1160
525;1142
526;1131
527;1120
528;1109
529;1098
530;1090
531;1082
532;1065
533;1048
534;1018
535;988
536;975
537;963
538;967
539;970
540;951
541;931
542;904
543;877
544;861
545;846
546;841
547;837
548;830
549;823
550;802
551;782
552;781
553;780
554;748
555;716
556;720
557;724
558;717
559;711
560;690
561;669
562;668
563;668
564;660
565;653
566;650
567;647
568;634
569;621
570;617
571;613
572;599
573;584
574;585
575;586
576;585
577;584
578;568
579;552
580;555
581;558
582;555
583;552
584;556
585;561
586;545
587;530
588;520
589;510
590;503
591;497
592;497
593;498
594;492
595;486
596;476
597;467
598;444
599;422
600;436
601;451
602;441
603;432
604;434
605;436
606;431
607;426
608;425
609;423
610;417
611;411
612;398
613;384
614;403
615;422
616;421
617;420
618;406
619;393
620;400
621;407
622;401
623;395
624;386
625;378
626;383
627;389
628;384
629;379
630;388
631;398
632;398
633;399
634;405
635;412
636;400
637;387
638;388
639;390
640;390
641;390
642;389
643;388
644;384
645;381
646;376
647;372
648;383
649;394
650;382
651;371
652;379
653;388
654;388
655;389
656;389
657;389
658;385
659;381
660;387
661;394
662;396
663;399
664;403
665;407
666;393
667;379
668;389
669;399
670;403
671;408
672;405
673;402
674;415
675;428
676;420
677;413
678;409
679;405
680;418
681;430
682;430
683;431
684;426
685;422
686;424
687;427
688;441
689;455
690;471
691;487
692;481
693;475
694;494
695;512
696;521
697;531
698;555
699;579
700;610
701;642
702;668
703;695
704;739
705;782
706;812
707;843
708;925
709;1007
710;1075
711;1144
712;1220
713;1296
714;1277
715;1257
716;1246
717;1235
718;1184
719;1132
720;1050
721;968
722;917
723;867
724;816
725;766
726;741
727;716
728;690
729;664
730;639
731;614
732;577
733;541
734;542
735;543
736;523
737;503
738;495
739;486
740;476
741;466
742;445
743;423
744;401
745;378
746;383
747;388
748;381
749;373
750;372
751;371
752;362
753;354
754;349
755;343
756;336
757;330
758;331
759;333
760;320
761;308
762;322
763;336
764;325
765;314
766;310
767;306
768;306
769;307
770;311
771;316
772;315
773;315
774;321
775;328
776;320
777;312
778;312
779;312
780;320
781;328
782;327
783;326
784;314
785;303
786;317
787;332
788;339
789;346
790;348
791;350
792;358
793;366
794;371
795;376
796;376
797;376
798;412
799;447
800;462
801;476
802;512
803;549
804;584
805;619
806;694
807;769
808;857
809;945
810;1047
811;1149
812;1186
813;1223
814;1194
815;1165
816;1083
817;1001
818;902
819;802
820;749
821;697
822;662
823;628
824;583
825;539
826;518
827;497
828;480
829;464
830;460
831;457
832;427
833;397
834;391
835;385
836;362
837;340
838;334
839;328
840;321
841;315
842;309
843;304
844;299
845;294
846;301
847;309
848;299
849;290
850;291
851;293
852;298
853;302
854;295
855;289
856;290
857;291
858;288
859;286
860;292
861;298
862;295
863;293
864;288
865;283
866;301
867;320
868;314
869;308
870;315
871;322
872;335
873;348
874;350
875;353
876;395
877;436
878;454
879;472
880;515
881;558
882;642
883;725
884;816
885;907
886;1011
887;1115
888;1161
889;1206
890;1162
891;1117
892;1008
893;899
894;821
895;743
896;678
897;614
898;571
899;528
900;506
901;485
902;455
903;425
904;403
905;380
906;362
907;343
908;335
909;326
910;310
911;293
912;298
913;303
914;301
915;299
916;297
917;296
918;296
