# Strom: -0.23 A
# Magnetfeld: 19 mT
# Schnitt bei (696,491)
# Mittelung: 1 Pixel
# Magnetfeldsensor kalibriertPixel ; Red Value
1;593
2;644
3;695
4;757
5;819
6;833
7;848
8;907
9;966
10;1064
11;1163
12;1163
13;1163
14;1156
15;1150
16;1147
17;1144
18;1136
19;1128
20;1129
21;1130
22;1080
23;1030
24;992
25;955
26;891
27;828
28;744
29;660
30;627
31;595
32;559
33;524
34;506
35;489
36;461
37;433
38;430
39;427
40;414
41;402
42;388
43;374
44;369
45;364
46;362
47;360
48;352
49;345
50;356
51;367
52;370
53;374
54;368
55;362
56;402
57;442
58;462
59;482
60;524
61;566
62;611
63;657
64;709
65;762
66;776
67;790
68;816
69;842
70;866
71;891
72;951
73;1012
74;1051
75;1090
76;1118
77;1146
78;1107
79;1068
80;1037
81;1006
82;1009
83;1012
84;1011
85;1010
86;973
87;937
88;901
89;866
90;802
91;739
92;688
93;637
94;610
95;584
96;534
97;484
98;448
99;413
100;397
101;382
102;385
103;389
104;364
105;340
106;333
107;327
108;335
109;344
110;343
111;342
112;327
113;313
114;327
115;342
116;345
117;349
118;348
119;347
120;348
121;349
122;345
123;342
124;346
125;351
126;350
127;349
128;395
129;442
130;454
131;466
132;509
133;553
134;608
135;664
136;681
137;699
138;755
139;811
140;801
141;791
142;817
143;844
144;908
145;973
146;1008
147;1043
148;1084
149;1126
150;1130
151;1134
152;1129
153;1124
154;1097
155;1070
156;1072
157;1075
158;1046
159;1017
160;1050
161;1083
162;1041
163;999
164;990
165;982
166;917
167;853
168;825
169;797
170;744
171;691
172;655
173;620
174;594
175;569
176;540
177;511
178;488
179;466
180;459
181;453
182;444
183;436
184;424
185;413
186;386
187;360
188;362
189;365
190;368
191;371
192;372
193;373
194;377
195;382
196;380
197;378
198;376
199;374
200;361
201;349
202;372
203;396
204;383
205;371
206;382
207;393
208;380
209;367
210;381
211;395
212;414
213;433
214;435
215;438
216;461
217;484
218;495
219;506
220;534
221;562
222;593
223;624
224;663
225;702
226;723
227;744
228;749
229;755
230;795
231;835
232;847
233;859
234;880
235;901
236;901
237;901
238;951
239;1002
240;1042
241;1083
242;1101
243;1119
244;1172
245;1225
246;1171
247;1117
248;1121
249;1126
250;1116
251;1106
252;1083
253;1061
254;1031
255;1001
256;1007
257;1013
258;1038
259;1063
260;1053
261;1044
262;1008
263;973
264;980
265;988
266;953
267;919
268;884
269;850
270;810
271;771
272;744
273;717
274;707
275;697
276;662
277;628
278;600
279;573
280;559
281;546
282;530
283;515
284;510
285;506
286;485
287;464
288;462
289;460
290;445
291;431
292;409
293;387
294;389
295;391
296;382
297;374
298;370
299;367
300;377
301;387
302;366
303;345
304;357
305;369
306;378
307;387
308;386
309;385
310;381
311;378
312;374
313;371
314;373
315;376
316;376
317;376
318;370
319;364
320;363
321;362
322;363
323;365
324;373
325;382
326;379
327;376
328;394
329;413
330;402
331;391
332;381
333;371
334;377
335;384
336;387
337;391
338;409
339;427
340;425
341;424
342;446
343;469
344;469
345;469
346;500
347;531
348;518
349;506
350;523
351;540
352;540
353;540
354;578
355;617
356;610
357;604
358;634
359;664
360;663
361;662
362;695
363;728
364;772
365;817
366;818
367;820
368;869
369;919
370;900
371;881
372;905
373;930
374;936
375;942
376;959
377;977
378;999
379;1021
380;1011
381;1001
382;1001
383;1001
384;1022
385;1044
386;1038
387;1032
388;1010
389;988
390;1006
391;1024
392;1019
393;1015
394;1028
395;1041
396;1039
397;1037
398;1037
399;1037
400;1079
401;1121
402;1131
403;1141
404;1140
405;1139
406;1173
407;1208
408;1198
409;1188
410;1211
411;1235
412;1241
413;1248
414;1237
415;1226
416;1249
417;1272
418;1261
419;1250
420;1263
421;1277
422;1311
423;1345
424;1315
425;1285
426;1254
427;1223
428;1232
429;1241
430;1273
431;1305
432;1255
433;1205
434;1183
435;1161
436;1159
437;1157
438;1173
439;1190
440;1203
441;1217
442;1198
443;1179
444;1182
445;1186
446;1187
447;1188
448;1157
449;1126
450;1139
451;1152
452;1176
453;1201
454;1159
455;1117
456;1139
457;1161
458;1148
459;1135
460;1126
461;1117
462;1111
463;1106
464;1109
465;1112
466;1105
467;1099
468;1121
469;1144
470;1149
471;1154
472;1168
473;1183
474;1121
475;1059
476;1089
477;1119
478;1134
479;1150
480;1146
481;1143
482;1122
483;1101
484;1126
485;1152
486;1147
487;1143
488;1164
489;1185
490;1166
491;1148
492;1164
493;1181
494;1178
495;1175
496;1160
497;1146
498;1150
499;1155
500;1191
501;1228
502;1236
503;1245
504;1215
505;1185
506;1228
507;1272
508;1265
509;1259
510;1228
511;1197
512;1211
513;1226
514;1256
515;1286
516;1257
517;1228
518;1254
519;1281
520;1287
521;1294
522;1307
523;1321
524;1310
525;1299
526;1315
527;1332
528;1343
529;1354
530;1359
531;1365
532;1356
533;1347
534;1338
535;1330
536;1339
537;1348
538;1342
539;1337
540;1369
541;1401
542;1372
543;1343
544;1348
545;1354
546;1367
547;1381
548;1361
549;1341
550;1364
551;1388
552;1388
553;1388
554;1364
555;1341
556;1352
557;1363
558;1351
559;1339
560;1354
561;1370
562;1378
563;1387
564;1384
565;1381
566;1372
567;1363
568;1378
569;1394
570;1395
571;1396
572;1386
573;1376
574;1384
575;1392
576;1342
577;1292
578;1313
579;1334
580;1309
581;1285
582;1257
583;1230
584;1240
585;1250
586;1211
587;1172
588;1165
589;1159
590;1158
591;1157
592;1139
593;1121
594;1083
595;1046
596;1056
597;1066
598;1084
599;1103
600;1045
601;988
602;1000
603;1012
604;1000
605;988
606;1010
607;1032
608;996
609;961
610;972
611;984
612;947
613;911
614;905
615;899
616;903
617;908
618;897
619;886
620;878
621;871
622;847
623;824
624;795
625;766
626;733
627;700
628;708
629;717
630;667
631;617
632;612
633;607
634;602
635;598
636;569
637;540
638;528
639;516
640;520
641;524
642;503
643;482
644;487
645;493
646;475
647;458
648;457
649;456
650;451
651;447
652;450
653;453
654;449
655;445
656;430
657;416
658;417
659;418
660;422
661;427
662;429
663;431
664;426
665;422
666;417
667;413
668;419
669;425
670;436
671;447
672;436
673;425
674;427
675;429
676;425
677;422
678;415
679;409
680;423
681;438
682;438
683;438
684;428
685;418
686;427
687;436
688;450
689;464
690;450
691;436
692;458
693;480
694;487
695;495
696;497
697;500
698;511
699;522
700;525
701;529
702;531
703;533
704;536
705;540
706;536
707;533
708;547
709;562
710;599
711;637
712;626
713;615
714;632
715;649
716;711
717;773
718;784
719;795
720;849
721;904
722;921
723;939
724;1014
725;1090
726;1107
727;1124
728;1197
729;1270
730;1242
731;1215
732;1240
733;1266
734;1269
735;1272
736;1258
737;1245
738;1265
739;1285
740;1328
741;1372
742;1384
743;1396
744;1374
745;1352
746;1414
747;1476
748;1438
749;1401
750;1383
751;1365
752;1313
753;1261
754;1241
755;1221
756;1188
757;1155
758;1123
759;1092
760;1066
761;1041
762;1029
763;1017
764;992
765;968
766;914
767;861
768;820
769;779
770;719
771;660
772;625
773;591
774;576
775;562
776;524
777;487
778;488
779;489
780;458
781;427
782;411
783;395
784;414
785;433
786;406
787;380
788;383
789;387
790;392
791;398
792;380
793;362
794;362
795;362
796;374
797;387
798;386
799;385
800;390
801;396
802;394
803;393
804;383
805;373
806;391
807;409
808;412
809;415
810;412
811;409
812;419
813;429
814;439
815;449
816;488
817;527
818;526
819;526
820;555
821;584
822;629
823;675
824;724
825;773
826;854
827;935
828;1006
829;1077
830;1091
831;1106
832;1156
833;1206
834;1214
835;1223
836;1224
837;1225
838;1265
839;1306
840;1341
841;1376
842;1395
843;1414
844;1449
845;1485
846;1419
847;1354
848;1299
849;1245
850;1229
851;1214
852;1181
853;1148
854;1122
855;1097
856;1073
857;1050
858;988
859;926
860;882
861;839
862;766
863;693
864;647
865;602
866;578
867;555
868;537
869;520
870;503
871;487
872;472
873;458
874;458
875;458
876;451
877;444
878;431
879;418
880;416
881;415
882;408
883;402
884;416
885;431
886;436
887;442
888;425
889;409
890;415
891;422
892;451
893;480
894;502
895;524
896;535
897;546
898;569
899;593
900;640
901;688
902;742
903;797
904;859
905;922
906;971
907;1021
908;1059
909;1097
910;1141
911;1185
912;1187
913;1190
914;1205
915;1221
916;1230
917;1239
918;1239
