# Strom: -0.01 A
# Magnetfeld: 0 mT
# Schnitt bei (739,474)
# Mittelung: 1 Pixel
# Magnetfeldsensor unkalibriertPixel ; Red Value
1;172
2;166
3;159
4;158
5;156
6;157
7;158
8;158
9;158
10;157
11;156
12;151
13;146
14;147
15;148
16;151
17;154
18;152
19;150
20;154
21;157
22;152
23;148
24;156
25;164
26;158
27;153
28;149
29;146
30;153
31;160
32;166
33;172
34;166
35;161
36;168
37;176
38;186
39;195
40;198
41;201
42;220
43;239
44;283
45;327
46;358
47;389
48;428
49;467
50;477
51;487
52;464
53;441
54;387
55;332
56;299
57;267
58;246
59;226
60;213
61;201
62;198
63;196
64;184
65;172
66;167
67;162
68;165
69;168
70;163
71;159
72;157
73;155
74;159
75;163
76;159
77;155
78;151
79;148
80;156
81;165
82;159
83;153
84;149
85;146
86;153
87;160
88;158
89;157
90;153
91;150
92;153
93;157
94;155
95;154
96;153
97;151
98;158
99;165
100;169
101;174
102;171
103;169
104;169
105;170
106;171
107;171
108;174
109;178
110;193
111;209
112;217
113;225
114;237
115;249
116;267
117;285
118;306
119;326
120;380
121;433
122;469
123;506
124;514
125;522
126;501
127;480
128;444
129;408
130;361
131;315
132;292
133;269
134;254
135;239
136;229
137;220
138;211
139;203
140;195
141;188
142;185
143;182
144;177
145;172
146;170
147;167
148;168
149;169
150;164
151;158
152;156
153;155
154;158
155;161
156;160
157;159
158;154
159;150
160;161
161;172
162;166
163;160
164;161
165;162
166;165
167;169
168;168
169;167
170;153
171;140
172;149
173;159
174;159
175;159
176;161
177;162
178;158
179;153
180;157
181;160
182;157
183;154
184;160
185;167
186;171
187;175
188;173
189;171
190;172
191;172
192;170
193;169
194;177
195;186
196;181
197;176
198;179
199;183
200;188
201;193
202;201
203;209
204;214
205;218
206;240
207;262
208;282
209;302
210;319
211;337
212;373
213;409
214;445
215;482
216;490
217;497
218;529
219;562
220;565
221;569
222;532
223;496
224;471
225;445
226;399
227;352
228;345
229;338
230;316
231;295
232;278
233;262
234;260
235;258
236;236
237;214
238;217
239;220
240;209
241;197
242;203
243;209
244;205
245;201
246;198
247;196
248;195
249;194
250;187
251;180
252;179
253;178
254;171
255;164
256;171
257;178
258;173
259;168
260;170
261;171
262;169
263;167
264;170
265;174
266;170
267;165
268;173
269;180
270;179
271;178
272;179
273;180
274;175
275;170
276;170
277;171
278;172
279;173
280;171
281;169
282;161
283;154
284;167
285;180
286;172
287;165
288;172
289;180
290;179
291;178
292;173
293;168
294;168
295;168
296;163
297;159
298;165
299;170
300;174
301;177
302;173
303;168
304;172
305;176
306;177
307;179
308;173
309;168
310;173
311;179
312;183
313;188
314;192
315;197
316;196
317;196
318;194
319;192
320;191
321;190
322;185
323;180
324;187
325;194
326;193
327;192
328;198
329;204
330;200
331;196
332;198
333;201
334;200
335;199
336;214
337;230
338;227
339;223
340;231
341;239
342;230
343;221
344;231
345;240
346;236
347;231
348;237
349;242
350;247
351;251
352;262
353;272
354;279
355;287
356;290
357;293
358;299
359;304
360;310
361;317
362;330
363;344
364;356
365;367
366;373
367;380
368;398
369;417
370;439
371;461
372;471
373;481
374;482
375;483
376;512
377;542
378;559
379;576
380;589
381;602
382;597
383;593
384;619
385;645
386;645
387;645
388;658
389;672
390;651
391;631
392;635
393;639
394;637
395;636
396;633
397;630
398;608
399;586
400;596
401;606
402;575
403;545
404;549
405;553
406;530
407;507
408;511
409;516
410;498
411;481
412;481
413;482
414;473
415;464
416;444
417;425
418;435
419;445
420;439
421;433
422;413
423;393
424;394
425;396
426;380
427;365
428;375
429;384
430;369
431;354
432;359
433;364
434;354
435;345
436;352
437;360
438;347
439;333
440;338
441;342
442;333
443;325
444;315
445;306
446;309
447;312
448;320
449;327
450;324
451;321
452;321
453;321
454;314
455;307
456;308
457;310
458;306
459;303
460;300
461;298
462;303
463;309
464;309
465;309
466;304
467;299
468;299
469;300
470;304
471;308
472;307
473;307
474;309
475;311
476;304
477;297
478;287
479;277
480;294
481;312
482;314
483;316
484;320
485;324
486;322
487;320
488;318
489;317
490;319
491;321
492;323
493;326
494;328
495;331
496;330
497;329
498;330
499;332
500;335
501;339
502;337
503;334
504;337
505;340
506;353
507;367
508;364
509;362
510;364
511;366
512;370
513;373
514;377
515;380
516;379
517;378
518;392
519;406
520;398
521;390
522;400
523;411
524;429
525;447
526;443
527;440
528;446
529;453
530;472
531;492
532;492
533;493
534;509
535;526
536;532
537;538
538;550
539;563
540;568
541;574
542;590
543;607
544;622
545;638
546;641
547;644
548;658
549;673
550;672
551;671
552;693
553;716
554;707
555;698
556;701
557;704
558;703
559;703
560;685
561;667
562;667
563;666
564;634
565;602
566;594
567;586
568;577
569;567
570;538
571;510
572;504
573;498
574;493
575;489
576;460
577;431
578;429
579;427
580;414
581;402
582;380
583;359
584;358
585;357
586;348
587;339
588;329
589;318
590;315
591;312
592;301
593;289
594;289
595;289
596;275
597;262
598;263
599;263
600;250
601;238
602;242
603;246
604;243
605;240
606;246
607;253
608;243
609;234
610;228
611;223
612;219
613;215
614;230
615;244
616;235
617;226
618;231
619;237
620;234
621;232
622;220
623;207
624;214
625;220
626;225
627;230
628;223
629;216
630;217
631;218
632;217
633;216
634;217
635;219
636;221
637;224
638;215
639;206
640;215
641;224
642;220
643;215
644;209
645;203
646;216
647;230
648;219
649;208
650;209
651;210
652;210
653;209
654;213
655;216
656;215
657;213
658;218
659;222
660;214
661;207
662;215
663;224
664;224
665;224
666;225
667;227
668;216
669;205
670;209
671;213
672;216
673;220
674;218
675;216
676;223
677;230
678;226
679;223
680;219
681;216
682;216
683;217
684;228
685;239
686;227
687;215
688;224
689;234
690;225
691;217
692;219
693;221
694;226
695;230
696;228
697;227
698;238
699;250
700;258
701;267
702;257
703;247
704;253
705;259
706;263
707;268
708;272
709;276
710;290
711;304
712;321
713;338
714;357
715;377
716;398
717;420
718;449
719;479
720;516
721;553
722;599
723;646
724;659
725;673
726;675
727;677
728;652
729;628
730;592
731;556
732;512
733;468
734;424
735;381
736;367
737;353
738;323
739;293
740;277
741;261
742;262
743;262
744;255
745;249
746;245
747;242
748;236
749;231
750;224
751;217
752;213
753;210
754;206
755;202
756;205
757;208
758;205
759;203
760;195
761;187
762;185
763;183
764;191
765;199
766;187
767;175
768;176
769;178
770;183
771;188
772;191
773;195
774;188
775;182
776;191
777;199
778;192
779;185
780;180
781;176
782;179
783;182
784;193
785;204
786;197
787;190
788;186
789;181
790;183
791;185
792;190
793;195
794;189
795;183
796;192
797;200
798;199
799;198
800;204
801;210
802;207
803;205
804;222
805;238
806;242
807;245
808;254
809;264
810;275
811;286
812;313
813;341
814;376
815;411
816;462
817;514
818;569
819;625
820;644
821;663
822;647
823;631
824;581
825;531
826;474
827;417
828;369
829;321
830;295
831;269
832;256
833;243
834;232
835;222
836;213
837;203
838;203
839;202
840;192
841;182
842;185
843;189
844;179
845;170
846;181
847;193
848;189
849;185
850;185
851;185
852;181
853;177
854;180
855;182
856;171
857;161
858;171
859;181
860;177
861;172
862;177
863;182
864;179
865;177
866;178
867;180
868;180
869;180
870;182
871;185
872;185
873;186
874;190
875;195
876;197
877;199
878;201
879;203
880;212
881;222
882;221
883;221
884;230
885;239
886;256
887;272
888;305
889;338
890;391
891;444
892;496
893;547
894;597
895;646
896;630
897;614
898;555
899;495
900;432
901;370
902;323
903;277
904;263
905;249
906;236
907;224
908;213
909;202
910;199
911;196
912;190
913;184
914;181
915;178
916;179
917;180
918;180
