# Strom: -0.09 A
# Magnetfeld: 0 mT
# Schnitt bei (739,474)
# Mittelung: 1 Pixel
# Magnetfeldsensor unkalibriertPixel ; Red Value
1;622
2;630
3;638
4;606
5;574
6;545
7;516
8;497
9;478
10;465
11;452
12;424
13;396
14;388
15;381
16;358
17;336
18;338
19;340
20;344
21;349
22;347
23;344
24;352
25;360
26;356
27;352
28;359
29;367
30;372
31;378
32;391
33;404
34;420
35;436
36;451
37;467
38;497
39;528
40;542
41;557
42;588
43;619
44;662
45;705
46;798
47;891
48;997
49;1104
50;1191
51;1278
52;1320
53;1362
54;1299
55;1236
56;1161
57;1086
58;1041
59;997
60;923
61;850
62;824
63;798
64;765
65;732
66;711
67;690
68;656
69;623
70;594
71;565
72;555
73;545
74;528
75;511
76;487
77;463
78;454
79;445
80;417
81;389
82;388
83;388
84;375
85;362
86;366
87;370
88;362
89;355
90;354
91;354
92;341
93;329
94;341
95;353
96;356
97;359
98;367
99;376
100;382
101;389
102;410
103;432
104;446
105;461
106;468
107;475
108;503
109;531
110;530
111;529
112;562
113;595
114;607
115;620
116;668
117;716
118;781
119;846
120;896
121;947
122;1064
123;1182
124;1264
125;1346
126;1355
127;1364
128;1352
129;1340
130;1286
131;1233
132;1183
133;1133
134;1081
135;1029
136;985
137;941
138;886
139;831
140;802
141;774
142;762
143;750
144;736
145;722
146;692
147;663
148;655
149;648
150;616
151;584
152;568
153;553
154;530
155;507
156;492
157;478
158;460
159;443
160;436
161;430
162;412
163;395
164;388
165;381
166;383
167;385
168;390
169;395
170;376
171;358
172;361
173;364
174;360
175;357
176;369
177;382
178;367
179;352
180;359
181;367
182;379
183;392
184;386
185;380
186;392
187;404
188;413
189;421
190;435
191;449
192;470
193;491
194;501
195;511
196;526
197;541
198;552
199;564
200;580
201;597
202;606
203;616
204;639
205;662
206;682
207;702
208;722
209;743
210;770
211;797
212;878
213;960
214;1026
215;1091
216;1168
217;1245
218;1298
219;1352
220;1398
221;1444
222;1482
223;1520
224;1492
225;1464
226;1410
227;1355
228;1329
229;1304
230;1248
231;1192
232;1148
233;1103
234;1054
235;1006
236;989
237;972
238;935
239;898
240;859
241;820
242;802
243;784
244;760
245;736
246;739
247;742
248;743
249;745
250;712
251;679
252;661
253;643
254;635
255;627
256;636
257;646
258;621
259;597
260;586
261;575
262;558
263;542
264;529
265;516
266;506
267;497
268;477
269;458
270;450
271;443
272;446
273;450
274;430
275;411
276;417
277;423
278;419
279;415
280;399
281;383
282;383
283;382
284;388
285;394
286;388
287;381
288;374
289;366
290;368
291;370
292;377
293;385
294;383
295;382
296;379
297;376
298;372
299;368
300;369
301;371
302;376
303;382
304;379
305;376
306;386
307;397
308;396
309;394
310;394
311;394
312;394
313;394
314;402
315;411
316;411
317;411
318;422
319;433
320;434
321;436
322;439
323;442
324;470
325;498
326;491
327;483
328;493
329;502
330;516
331;531
332;548
333;565
334;556
335;548
336;569
337;590
338;590
339;591
340;612
341;634
342;628
343;623
344;627
345;631
346;642
347;654
348;659
349;664
350;664
351;664
352;680
353;696
354;705
355;714
356;705
357;696
358;728
359;761
360;770
361;780
362;792
363;804
364;809
365;815
366;860
367;905
368;921
369;937
370;975
371;1012
372;1019
373;1026
374;1054
375;1083
376;1116
377;1150
378;1182
379;1215
380;1246
381;1277
382;1316
383;1354
384;1352
385;1351
386;1400
387;1449
388;1475
389;1502
390;1535
391;1568
392;1582
393;1596
394;1593
395;1591
396;1590
397;1590
398;1600
399;1611
400;1618
401;1624
402;1609
403;1594
404;1620
405;1646
406;1617
407;1589
408;1591
409;1593
410;1580
411;1568
412;1583
413;1599
414;1562
415;1526
416;1538
417;1550
418;1529
419;1508
420;1494
421;1479
422;1480
423;1482
424;1450
425;1419
426;1415
427;1412
428;1380
429;1348
430;1347
431;1347
432;1347
433;1348
434;1318
435;1289
436;1285
437;1281
438;1285
439;1290
440;1291
441;1293
442;1274
443;1256
444;1251
445;1245
446;1256
447;1266
448;1246
449;1225
450;1228
451;1231
452;1211
453;1191
454;1192
455;1193
456;1182
457;1172
458;1167
459;1162
460;1158
461;1155
462;1135
463;1114
464;1130
465;1145
466;1156
467;1168
468;1149
469;1130
470;1164
471;1198
472;1182
473;1165
474;1141
475;1118
476;1143
477;1168
478;1172
479;1176
480;1170
481;1164
482;1175
483;1187
484;1178
485;1170
486;1175
487;1181
488;1179
489;1177
490;1198
491;1220
492;1220
493;1221
494;1238
495;1256
496;1242
497;1228
498;1256
499;1284
500;1263
501;1242
502;1259
503;1276
504;1292
505;1308
506;1311
507;1314
508;1336
509;1359
510;1359
511;1359
512;1365
513;1370
514;1388
515;1406
516;1421
517;1436
518;1451
519;1466
520;1491
521;1517
522;1537
523;1557
524;1565
525;1573
526;1575
527;1577
528;1595
529;1613
530;1613
531;1614
532;1632
533;1651
534;1683
535;1716
536;1713
537;1710
538;1721
539;1731
540;1771
541;1812
542;1778
543;1744
544;1745
545;1746
546;1738
547;1730
548;1732
549;1734
550;1723
551;1711
552;1707
553;1703
554;1657
555;1610
556;1611
557;1611
558;1569
559;1527
560;1488
561;1449
562;1413
563;1377
564;1334
565;1291
566;1271
567;1251
568;1222
569;1193
570;1149
571;1104
572;1067
573;1030
574;1015
575;1000
576;975
577;950
578;945
579;940
580;904
581;869
582;860
583;852
584;839
585;826
586;809
587;792
588;777
589;763
590;765
591;767
592;757
593;747
594;746
595;746
596;738
597;730
598;716
599;701
600;702
601;704
602;704
603;704
604;683
605;662
606;661
607;659
608;651
609;643
610;621
611;599
612;580
613;562
614;567
615;573
616;559
617;546
618;531
619;516
620;513
621;511
622;505
623;499
624;487
625;476
626;466
627;457
628;448
629;440
630;445
631;451
632;447
633;443
634;433
635;424
636;422
637;420
638;420
639;420
640;422
641;425
642;410
643;396
644;402
645;409
646;401
647;393
648;400
649;407
650;416
651;425
652;412
653;399
654;396
655;394
656;393
657;392
658;401
659;410
660;404
661;397
662;394
663;391
664;416
665;441
666;437
667;433
668;425
669;418
670;429
671;441
672;440
673;439
674;453
675;468
676;469
677;470
678;478
679;487
680;509
681;531
682;540
683;550
684;560
685;571
686;595
687;619
688;641
689;663
690;688
691;714
692;720
693;727
694;737
695;747
696;762
697;778
698;788
699;799
700;817
701;836
702;830
703;825
704;843
705;861
706;888
707;916
708;975
709;1034
710;1090
711;1145
712;1201
713;1257
714;1362
715;1467
716;1529
717;1590
718;1679
719;1769
720;1811
721;1854
722;1843
723;1833
724;1798
725;1762
726;1682
727;1601
728;1510
729;1419
730;1316
731;1213
732;1133
733;1053
734;993
735;932
736;899
737;866
738;847
739;828
740;790
741;753
742;738
743;723
744;725
745;726
746;712
747;698
748;677
749;657
750;626
751;595
752;569
753;543
754;534
755;525
756;521
757;517
758;508
759;498
760;464
761;431
762;430
763;430
764;434
765;438
766;435
767;432
768;413
769;394
770;398
771;403
772;400
773;396
774;404
775;413
776;409
777;406
778;412
779;418
780;424
781;430
782;431
783;432
784;447
785;463
786;465
787;467
788;476
789;486
790;516
791;546
792;568
793;590
794;617
795;644
796;657
797;670
798;703
799;737
800;763
801;789
802;786
803;783
804;824
805;866
806;888
807;910
808;958
809;1007
810;1072
811;1137
812;1241
813;1345
814;1431
815;1518
816;1610
817;1701
818;1753
819;1806
820;1753
821;1701
822;1611
823;1520
824;1384
825;1248
826;1144
827;1040
828;963
829;887
830;855
831;823
832;776
833;728
834;730
835;732
836;712
837;693
838;670
839;648
840;617
841;586
842;562
843;538
844;511
845;484
846;468
847;452
848;437
849;422
850;418
851;413
852;420
853;427
854;416
855;405
856;408
857;412
858;403
859;395
860;402
861;409
862;434
863;460
864;450
865;440
866;445
867;451
868;468
869;484
870;501
871;517
872;549
873;581
874;609
875;637
876;669
877;700
878;719
879;738
880;772
881;806
882;853
883;900
884;954
885;1008
886;1059
887;1111
888;1201
889;1291
890;1389
891;1487
892;1562
893;1636
894;1626
895;1617
896;1558
897;1499
898;1382
899;1264
900;1139
901;1014
902;930
903;847
904;806
905;766
906;747
907;729
908;704
909;680
910;655
911;630
912;598
913;566
914;523
915;481
916;476
917;472
918;472
