# Strom: -0.27 A
# Magnetfeld: 21 mT
# Schnitt bei (696,491)
# Mittelung: 1 Pixel
# Magnetfeldsensor kalibriertPixel ; Red Value
1;728
2;767
3;806
4;801
5;797
6;829
7;861
8;891
9;922
10;1010
11;1099
12;1137
13;1175
14;1153
15;1132
16;1070
17;1008
18;968
19;928
20;944
21;961
22;951
23;941
24;934
25;928
26;872
27;817
28;757
29;697
30;642
31;587
32;548
33;509
34;478
35;447
36;441
37;435
38;406
39;378
40;362
41;347
42;357
43;367
44;352
45;338
46;341
47;345
48;339
49;334
50;350
51;367
52;368
53;369
54;381
55;393
56;417
57;442
58;485
59;529
60;581
61;633
62;650
63;668
64;677
65;686
66;707
67;728
68;722
69;717
70;755
71;793
72;849
73;906
74;948
75;990
76;1013
77;1037
78;1001
79;966
80;939
81;913
82;891
83;870
84;880
85;891
86;865
87;839
88;846
89;853
90;819
91;786
92;743
93;700
94;657
95;615
96;569
97;524
98;495
99;467
100;457
101;447
102;410
103;373
104;366
105;360
106;353
107;347
108;347
109;347
110;330
111;313
112;324
113;336
114;333
115;331
116;333
117;336
118;340
119;345
120;334
121;324
122;343
123;362
124;389
125;416
126;417
127;418
128;448
129;478
130;529
131;580
132;629
133;678
134;695
135;713
136;716
137;719
138;741
139;764
140;759
141;755
142;791
143;828
144;861
145;895
146;952
147;1010
148;1059
149;1108
150;1116
151;1124
152;1103
153;1083
154;1022
155;961
156;975
157;990
158;976
159;962
160;949
161;937
162;954
163;972
164;982
165;992
166;992
167;992
168;945
169;899
170;857
171;815
172;771
173;728
174;693
175;658
176;615
177;573
178;548
179;524
180;517
181;511
182;504
183;498
184;441
185;385
186;389
187;393
188;408
189;424
190;403
191;382
192;380
193;378
194;380
195;382
196;371
197;360
198;357
199;354
200;365
201;376
202;381
203;387
204;386
205;385
206;376
207;367
208;381
209;395
210;415
211;436
212;438
213;440
214;445
215;451
216;473
217;495
218;537
219;580
220;607
221;635
222;667
223;700
224;702
225;704
226;720
227;737
228;778
229;820
230;789
231;759
232;780
233;802
234;830
235;859
236;847
237;835
238;874
239;913
240;957
241;1001
242;1032
243;1063
244;1074
245;1086
246;1076
247;1066
248;1057
249;1048
250;1032
251;1017
252;985
253;953
254;940
255;928
256;909
257;890
258;888
259;886
260;897
261;908
262;923
263;939
264;962
265;986
266;959
267;933
268;908
269;884
270;877
271;871
272;875
273;879
274;819
275;759
276;737
277;715
278;698
279;682
280;650
281;618
282;604
283;591
284;557
285;524
286;512
287;500
288;507
289;515
290;494
291;473
292;462
293;451
294;440
295;429
296;432
297;435
298;419
299;404
300;415
301;427
302;412
303;398
304;400
305;402
306;387
307;373
308;371
309;369
310;366
311;364
312;379
313;395
314;384
315;374
316;380
317;387
318;395
319;404
320;402
321;400
322;392
323;385
324;379
325;374
326;379
327;384
328;397
329;411
330;415
331;420
332;409
333;398
334;420
335;442
336;439
337;436
338;446
339;456
340;461
341;467
342;466
343;466
344;489
345;513
346;532
347;551
348;578
349;606
350;587
351;569
352;593
353;618
354;657
355;697
356;695
357;693
358;700
359;708
360;736
361;764
362;764
363;764
364;807
365;851
366;843
367;835
368;837
369;839
370;853
371;868
372;868
373;868
374;880
375;893
376;898
377;904
378;882
379;861
380;866
381;871
382;883
383;895
384;892
385;890
386;890
387;890
388;909
389;928
390;905
391;882
392;908
393;935
394;935
395;935
396;925
397;915
398;925
399;935
400;977
401;1019
402;1009
403;999
404;1011
405;1023
406;1047
407;1072
408;1081
409;1090
410;1093
411;1097
412;1128
413;1159
414;1128
415;1097
416;1123
417;1150
418;1157
419;1165
420;1154
421;1144
422;1160
423;1177
424;1165
425;1154
426;1142
427;1130
428;1140
429;1150
430;1164
431;1179
432;1160
433;1141
434;1128
435;1115
436;1115
437;1115
438;1109
439;1103
440;1101
441;1099
442;1090
443;1081
444;1064
445;1048
446;1038
447;1028
448;1045
449;1063
450;1056
451;1050
452;1044
453;1039
454;1060
455;1081
456;1060
457;1039
458;1026
459;1013
460;1019
461;1026
462;1039
463;1052
464;1027
465;1002
466;1001
467;1001
468;1004
469;1008
470;1020
471;1032
472;1005
473;979
474;998
475;1017
476;1011
477;1006
478;1028
479;1050
480;1036
481;1023
482;989
483;955
484;999
485;1044
486;1009
487;975
488;1002
489;1030
490;1036
491;1043
492;1059
493;1075
494;1076
495;1077
496;1083
497;1090
498;1081
499;1073
500;1103
501;1134
502;1089
503;1044
504;1083
505;1123
506;1119
507;1115
508;1132
509;1150
510;1148
511;1146
512;1166
513;1186
514;1151
515;1117
516;1105
517;1094
518;1135
519;1177
520;1166
521;1155
522;1157
523;1159
524;1155
525;1152
526;1154
527;1157
528;1132
529;1108
530;1118
531;1128
532;1133
533;1139
534;1104
535;1070
536;1102
537;1134
538;1162
539;1190
540;1142
541;1095
542;1130
543;1166
544;1155
545;1144
546;1150
547;1157
548;1166
549;1175
550;1176
551;1177
552;1192
553;1208
554;1217
555;1226
556;1235
557;1245
558;1226
559;1208
560;1230
561;1252
562;1234
563;1217
564;1227
565;1237
566;1231
567;1225
568;1225
569;1226
570;1220
571;1215
572;1229
573;1243
574;1233
575;1223
576;1187
577;1152
578;1151
579;1150
580;1138
581;1126
582;1144
583;1163
584;1123
585;1084
586;1093
587;1103
588;1071
589;1039
590;1018
591;997
592;1013
593;1030
594;992
595;955
596;948
597;942
598;916
599;890
600;907
601;924
602;926
603;928
604;916
605;904
606;909
607;915
608;870
609;826
610;895
611;964
612;945
613;926
614;937
615;948
616;932
617;917
618;927
619;937
620;915
621;893
622;915
623;937
624;894
625;851
626;836
627;822
628;826
629;831
630;804
631;777
632;758
633;739
634;714
635;689
636;685
637;682
638;667
639;653
640;610
641;567
642;573
643;580
644;555
645;531
646;515
647;500
648;492
649;484
650;480
651;476
652;481
653;486
654;472
655;458
656;468
657;478
658;435
659;393
660;419
661;445
662;456
663;467
664;468
665;469
666;444
667;420
668;431
669;442
670;447
671;453
672;441
673;429
674;433
675;438
676;438
677;438
678;443
679;449
680;458
681;467
682;452
683;438
684;462
685;487
686;474
687;462
688;481
689;500
690;477
691;455
692;464
693;473
694;474
695;476
696;474
697;473
698;454
699;436
700;472
701;509
702;501
703;493
704;519
705;546
706;550
707;555
708;592
709;629
710;636
711;644
712;679
713;715
714;726
715;737
716;796
717;855
718;897
719;939
720;973
721;1008
722;1042
723;1077
724;1066
725;1055
726;1075
727;1095
728;1081
729;1068
730;1065
731;1063
732;1041
733;1019
734;1003
735;988
736;986
737;984
738;1037
739;1090
740;1156
741;1223
742;1215
743;1208
744;1239
745;1270
746;1283
747;1296
748;1280
749;1265
750;1233
751;1201
752;1160
753;1119
754;1072
755;1026
756;994
757;962
758;962
759;962
760;961
761;961
762;950
763;939
764;966
765;993
766;983
767;973
768;916
769;859
770;829
771;800
772;761
773;722
774;675
775;628
776;593
777;558
778;547
779;536
780;499
781;462
782;474
783;487
784;444
785;402
786;407
787;413
788;408
789;404
790;394
791;384
792;378
793;373
794;377
795;382
796;397
797;413
798;408
799;404
800;398
801;393
802;408
803;424
804;404
805;385
806;413
807;442
808;453
809;464
810;464
811;464
812;489
813;515
814;536
815;557
816;565
817;573
818;615
819;657
820;700
821;744
822;787
823;831
824;927
825;1023
826;1073
827;1123
828;1140
829;1157
830;1142
831;1128
832;1144
833;1161
834;1124
835;1088
836;1132
837;1177
838;1204
839;1232
840;1304
841;1377
842;1411
843;1445
844;1456
845;1467
846;1435
847;1403
848;1324
849;1246
850;1180
851;1115
852;1079
853;1043
854;1046
855;1050
856;1038
857;1026
858;1022
859;1019
860;990
861;961
862;903
863;846
864;755
865;664
866;619
867;575
868;532
869;489
870;503
871;518
872;481
873;445
874;442
875;440
876;434
877;429
878;417
879;405
880;406
881;407
882;411
883;416
884;419
885;422
886;429
887;436
888;426
889;416
890;423
891;431
892;443
893;455
894;487
895;520
896;563
897;606
898;598
899;591
900;670
901;749
902;784
903;820
904;898
905;977
906;997
907;1017
908;1025
909;1033
910;1017
911;1002
912;1006
913;1010
914;1030
915;1050
916;1098
917;1146
918;1146
