# Strom: -0.31 A
# Magnetfeld: 23 mT
# Schnitt bei (696,491)
# Mittelung: 1 Pixel
# Magnetfeldsensor kalibriertPixel ; Red Value
1;815
2;810
3;806
4;831
5;857
6;856
7;855
8;917
9;979
10;1085
11;1192
12;1206
13;1221
14;1198
15;1175
16;1111
17;1048
18;1020
19;993
20;969
21;946
22;978
23;1010
24;1008
25;1006
26;1009
27;1012
28;953
29;895
30;814
31;733
32;684
33;635
34;582
35;529
36;499
37;469
38;452
39;436
40;422
41;409
42;427
43;445
44;413
45;382
46;377
47;373
48;394
49;416
50;399
51;382
52;400
53;418
54;446
55;475
56;530
57;586
58;620
59;655
60;703
61;751
62;749
63;748
64;763
65;779
66;768
67;757
68;781
69;806
70;825
71;844
72;902
73;961
74;1023
75;1086
76;1092
77;1099
78;1052
79;1006
80;964
81;922
82;895
83;868
84;852
85;837
86;873
87;910
88;944
89;979
90;950
91;921
92;872
93;824
94;784
95;744
96;705
97;666
98;620
99;575
100;536
101;498
102;487
103;476
104;440
105;404
106;404
107;404
108;395
109;387
110;387
111;387
112;376
113;365
114;359
115;354
116;377
117;400
118;397
119;395
120;401
121;407
122;415
123;424
124;470
125;516
126;532
127;549
128;603
129;657
130;699
131;742
132;770
133;799
134;808
135;817
136;825
137;833
138;842
139;851
140;873
141;895
142;908
143;921
144;961
145;1002
146;1072
147;1143
148;1188
149;1234
150;1248
151;1263
152;1233
153;1203
154;1164
155;1126
156;1074
157;1023
158;1037
159;1052
160;1036
161;1021
162;1034
163;1048
164;1069
165;1090
166;1106
167;1123
168;1094
169;1066
170;1037
171;1008
172;1008
173;1008
174;915
175;822
176;801
177;780
178;723
179;666
180;649
181;633
182;600
183;567
184;572
185;577
186;547
187;518
188;506
189;495
190;473
191;451
192;435
193;420
194;432
195;444
196;435
197;427
198;445
199;464
200;448
201;433
202;433
203;433
204;433
205;433
206;454
207;475
208;466
209;458
210;495
211;533
212;555
213;577
214;618
215;660
216;669
217;678
218;741
219;804
220;841
221;879
222;877
223;875
224;888
225;902
226;906
227;911
228;896
229;882
230;878
231;875
232;878
233;881
234;891
235;902
236;936
237;970
238;985
239;1001
240;1065
241;1130
242;1153
243;1177
244;1201
245;1226
246;1200
247;1175
248;1168
249;1161
250;1139
251;1117
252;1091
253;1066
254;1034
255;1002
256;972
257;942
258;944
259;946
260;923
261;901
262;932
263;964
264;969
265;975
266;974
267;973
268;1000
269;1028
270;1011
271;995
272;988
273;981
274;939
275;897
276;906
277;915
278;882
279;850
280;813
281;777
282;748
283;720
284;714
285;709
286;685
287;662
288;624
289;587
290;586
291;586
292;558
293;531
294;502
295;473
296;480
297;487
298;465
299;444
300;446
301;449
302;472
303;495
304;450
305;405
306;409
307;413
308;424
309;435
310;425
311;416
312;424
313;433
314;428
315;424
316;417
317;411
318;413
319;415
320;425
321;436
322;443
323;451
324;455
325;460
326;453
327;447
328;461
329;475
330;465
331;455
332;454
333;453
334;482
335;511
336;526
337;542
338;538
339;535
340;558
341;582
342;601
343;620
344;638
345;657
346;669
347;682
348;692
349;702
350;736
351;771
352;822
353;873
354;863
355;853
356;850
357;848
358;866
359;884
360;897
361;911
362;959
363;1008
364;961
365;915
366;929
367;944
368;919
369;895
370;912
371;930
372;933
373;937
374;928
375;919
376;910
377;902
378;898
379;895
380;899
381;904
382;905
383;906
384;909
385;913
386;931
387;950
388;968
389;986
390;971
391;957
392;960
393;964
394;968
395;973
396;992
397;1012
398;1002
399;992
400;1030
401;1068
402;1091
403;1115
404;1125
405;1135
406;1153
407;1172
408;1184
409;1197
410;1214
411;1232
412;1235
413;1239
414;1251
415;1263
416;1249
417;1235
418;1229
419;1223
420;1224
421;1226
422;1227
423;1228
424;1243
425;1259
426;1272
427;1286
428;1271
429;1257
430;1221
431;1186
432;1232
433;1279
434;1258
435;1237
436;1225
437;1214
438;1182
439;1150
440;1175
441;1201
442;1204
443;1208
444;1180
445;1152
446;1181
447;1210
448;1186
449;1163
450;1174
451;1185
452;1177
453;1170
454;1126
455;1083
456;1105
457;1128
458;1121
459;1115
460;1129
461;1143
462;1138
463;1134
464;1124
465;1115
466;1107
467;1099
468;1125
469;1152
470;1122
471;1092
472;1098
473;1104
474;1117
475;1130
476;1113
477;1097
478;1110
479;1124
480;1115
481;1106
482;1099
483;1092
484;1114
485;1137
486;1151
487;1166
488;1170
489;1174
490;1171
491;1168
492;1149
493;1130
494;1147
495;1165
496;1156
497;1148
498;1182
499;1217
500;1213
501;1210
502;1243
503;1277
504;1258
505;1239
506;1244
507;1250
508;1255
509;1261
510;1254
511;1248
512;1253
513;1259
514;1280
515;1301
516;1284
517;1268
518;1262
519;1256
520;1299
521;1343
522;1319
523;1296
524;1304
525;1312
526;1304
527;1296
528;1333
529;1370
530;1353
531;1337
532;1323
533;1310
534;1330
535;1350
536;1351
537;1352
538;1362
539;1372
540;1338
541;1305
542;1311
543;1317
544;1322
545;1327
546;1360
547;1394
548;1375
549;1357
550;1373
551;1390
552;1363
553;1336
554;1370
555;1405
556;1406
557;1407
558;1414
559;1421
560;1405
561;1390
562;1391
563;1392
564;1405
565;1419
566;1400
567;1381
568;1416
569;1452
570;1428
571;1405
572;1394
573;1383
574;1393
575;1403
576;1371
577;1339
578;1324
579;1310
580;1281
581;1252
582;1275
583;1299
584;1262
585;1225
586;1201
587;1177
588;1163
589;1150
590;1144
591;1139
592;1112
593;1086
594;1078
595;1070
596;1043
597;1017
598;1006
599;995
600;985
601;975
602;981
603;988
604;964
605;941
606;955
607;970
608;940
609;910
610;944
611;979
612;960
613;941
614;970
615;999
616;996
617;993
618;987
619;981
620;980
621;979
622;978
623;977
624;985
625;993
626;993
627;993
628;1008
629;1023
630;1005
631;988
632;954
633;921
634;926
635;932
636;896
637;861
638;823
639;786
640;790
641;795
642;740
643;686
644;702
645;719
646;692
647;666
648;636
649;606
650;591
651;577
652;571
653;566
654;555
655;544
656;526
657;509
658;521
659;533
660;518
661;504
662;515
663;526
664;518
665;511
666;486
667;462
668;476
669;491
670;495
671;500
672;514
673;529
674;512
675;496
676;486
677;476
678;484
679;493
680;495
681;498
682;512
683;527
684;510
685;493
686;498
687;504
688;518
689;533
690;524
691;516
692;512
693;509
694;519
695;529
696;526
697;524
698;525
699;527
700;531
701;535
702;578
703;622
704;628
705;635
706;646
707;658
708;678
709;699
710;746
711;793
712;825
713;857
714;912
715;968
716;998
717;1028
718;1036
719;1044
720;1100
721;1157
722;1163
723;1170
724;1182
725;1195
726;1175
727;1155
728;1120
729;1086
730;1072
731;1059
732;1037
733;1015
734;1023
735;1032
736;1035
737;1039
738;1096
739;1154
740;1194
741;1234
742;1275
743;1317
744;1333
745;1350
746;1379
747;1408
748;1401
749;1394
750;1352
751;1310
752;1293
753;1276
754;1215
755;1154
756;1122
757;1090
758;1034
759;979
760;973
761;968
762;970
763;973
764;989
765;1006
766;1019
767;1032
768;1028
769;1024
770;999
771;975
772;973
773;972
774;923
775;875
776;847
777;819
778;762
779;706
780;688
781;671
782;601
783;531
784;539
785;547
786;524
787;502
788;487
789;473
790;491
791;509
792;462
793;416
794;448
795;480
796;468
797;456
798;447
799;438
800;455
801;473
802;474
803;476
804;494
805;513
806;483
807;453
808;475
809;498
810;514
811;531
812;568
813;606
814;622
815;638
816;665
817;693
818;751
819;810
820;861
821;913
822;972
823;1032
824;1081
825;1130
826;1152
827;1175
828;1187
829;1199
830;1183
831;1168
832;1172
833;1177
834;1191
835;1206
836;1220
837;1235
838;1305
839;1376
840;1460
841;1545
842;1591
843;1638
844;1633
845;1629
846;1590
847;1552
848;1515
849;1479
850;1374
851;1270
852;1255
853;1241
854;1213
855;1186
856;1197
857;1208
858;1201
859;1195
860;1186
861;1177
862;1148
863;1119
864;1050
865;981
866;921
867;862
868;805
869;749
870;692
871;635
872;606
873;578
874;570
875;562
876;529
877;496
878;504
879;513
880;506
881;500
882;493
883;487
884;500
885;513
886;498
887;484
888;505
889;526
890;530
891;535
892;547
893;560
894;603
895;646
896;688
897;731
898;770
899;810
900;906
901;1002
902;1026
903;1050
904;1062
905;1075
906;1068
907;1061
908;1079
909;1097
910;1100
911;1103
912;1117
913;1132
914;1148
915;1165
916;1235
917;1306
918;1306
