# Strom: -0.08 A
# Magnetfeld: 0 mT
# Schnitt bei (739,474)
# Mittelung: 1 Pixel
# Magnetfeldsensor unkalibriertPixel ; Red Value
1;906
2;932
3;959
4;934
5;909
6;845
7;781
8;720
9;659
10;612
11;565
12;542
13;519
14;480
15;442
16;425
17;409
18;400
19;391
20;384
21;378
22;379
23;381
24;375
25;370
26;387
27;404
28;427
29;450
30;491
31;533
32;588
33;643
34;702
35;762
36;798
37;835
38;818
39;801
40;796
41;791
42;757
43;724
44;703
45;682
46;660
47;638
48;637
49;635
50;617
51;599
52;593
53;587
54;577
55;567
56;583
57;599
58;605
59;612
60;634
61;656
62;711
63;765
64;809
65;854
66;907
67;961
68;979
69;997
70;952
71;907
72;861
73;816
74;755
75;694
76;650
77;606
78;571
79;536
80;518
81;499
82;470
83;441
84;411
85;382
86;380
87;378
88;386
89;395
90;403
91;412
92;401
93;391
94;402
95;413
96;431
97;449
98;462
99;476
100;506
101;537
102;581
103;625
104;684
105;744
106;773
107;803
108;838
109;874
110;863
111;853
112;823
113;792
114;788
115;785
116;757
117;730
118;705
119;681
120;677
121;674
122;664
123;654
124;656
125;658
126;643
127;629
128;613
129;598
130;598
131;598
132;608
133;617
134;625
135;634
136;662
137;690
138;723
139;757
140;802
141;848
142;908
143;969
144;986
145;1003
146;997
147;991
148;987
149;983
150;930
151;877
152;834
153;791
154;754
155;718
156;677
157;636
158;601
159;567
160;547
161;526
162;506
163;486
164;471
165;455
166;441
167;426
168;419
169;412
170;404
171;395
172;394
173;393
174;395
175;398
176;396
177;393
178;391
179;388
180;413
181;439
182;450
183;462
184;467
185;473
186;489
187;505
188;551
189;596
190;638
191;680
192;720
193;760
194;815
195;869
196;892
197;916
198;924
199;932
200;930
201;928
202;909
203;891
204;855
205;819
206;797
207;776
208;775
209;774
210;747
211;721
212;712
213;703
214;698
215;694
216;680
217;667
218;669
219;670
220;675
221;680
222;665
223;650
224;654
225;658
226;648
227;638
228;634
229;630
230;625
231;620
232;626
233;632
234;650
235;669
236;680
237;690
238;726
239;762
240;788
241;815
242;844
243;874
244;924
245;975
246;1030
247;1085
248;1099
249;1112
250;1089
251;1066
252;1048
253;1031
254;1012
255;993
256;970
257;947
258;908
259;869
260;840
261;812
262;778
263;745
264;731
265;717
266;676
267;636
268;619
269;603
270;585
271;568
272;555
273;543
274;512
275;481
276;461
277;441
278;457
279;474
280;457
281;440
282;429
283;418
284;431
285;444
286;433
287;422
288;409
289;395
290;400
291;405
292;409
293;412
294;407
295;402
296;399
297;396
298;409
299;422
300;425
301;427
302;424
303;421
304;441
305;461
306;466
307;472
308;476
309;480
310;471
311;463
312;489
313;515
314;527
315;539
316;560
317;581
318;601
319;621
320;641
321;662
322;689
323;717
324;744
325;771
326;796
327;822
328;843
329;864
330;883
331;902
332;910
333;918
334;942
335;966
336;969
337;972
338;994
339;1017
340;996
341;975
342;983
343;992
344;972
345;952
346;950
347;948
348;925
349;902
350;897
351;893
352;909
353;926
354;907
355;889
356;865
357;842
358;842
359;843
360;828
361;813
362;798
363;784
364;796
365;808
366;799
367;791
368;771
369;750
370;754
371;758
372;756
373;754
374;743
375;732
376;731
377;731
378;723
379;715
380;708
381;701
382;694
383;687
384;691
385;695
386;694
387;694
388;700
389;706
390;702
391;698
392;693
393;687
394;679
395;672
396;674
397;677
398;678
399;680
400;683
401;686
402;682
403;678
404;682
405;685
406;673
407;661
408;662
409;663
410;654
411;644
412;639
413;635
414;638
415;642
416;654
417;667
418;669
419;672
420;648
421;624
422;639
423;655
424;661
425;667
426;664
427;661
428;663
429;666
430;681
431;696
432;689
433;683
434;675
435;668
436;660
437;653
438;668
439;683
440;673
441;663
442;659
443;656
444;663
445;669
446;673
447;676
448;692
449;708
450;684
451;660
452;673
453;686
454;683
455;680
456;680
457;679
458;671
459;664
460;678
461;693
462;688
463;683
464;676
465;669
466;679
467;689
468;696
469;703
470;696
471;689
472;697
473;706
474;696
475;686
476;682
477;678
478;682
479;686
480;695
481;705
482;680
483;656
484;663
485;669
486;682
487;695
488;686
489;678
490;675
491;673
492;667
493;661
494;682
495;703
496;697
497;691
498;680
499;670
500;688
501;707
502;695
503;682
504;680
505;678
506;679
507;681
508;667
509;653
510;659
511;665
512;659
513;653
514;669
515;685
516;677
517;668
518;679
519;690
520;691
521;693
522;685
523;678
524;679
525;680
526;664
527;648
528;665
529;683
530;682
531;681
532;676
533;671
534;663
535;655
536;667
537;679
538;669
539;660
540;678
541;697
542;700
543;703
544;690
545;676
546;667
547;658
548;682
549;707
550;698
551;689
552;695
553;701
554;693
555;685
556;685
557;685
558;692
559;699
560;713
561;727
562;718
563;709
564;711
565;713
566;719
567;725
568;745
569;766
570;770
571;775
572;756
573;737
574;752
575;766
576;782
577;798
578;796
579;795
580;823
581;852
582;848
583;845
584;850
585;855
586;871
587;887
588;909
589;931
590;932
591;933
592;940
593;948
594;969
595;990
596;1024
597;1059
598;1036
599;1014
600;1048
601;1082
602;1089
603;1095
604;1089
605;1083
606;1087
607;1091
608;1094
609;1098
610;1086
611;1074
612;1037
613;1000
614;991
615;982
616;953
617;924
618;881
619;839
620;817
621;795
622;767
623;740
624;692
625;645
626;650
627;655
628;628
629;601
630;580
631;559
632;548
633;538
634;522
635;506
636;492
637;478
638;480
639;482
640;466
641;450
642;449
643;449
644;449
645;450
646;460
647;471
648;462
649;454
650;449
651;444
652;438
653;432
654;433
655;435
656;431
657;428
658;441
659;455
660;445
661;435
662;447
663;459
664;450
665;442
666;441
667;440
668;457
669;475
670;487
671;500
672;509
673;519
674;533
675;547
676;562
677;576
678;599
679;623
680;653
681;683
682;722
683;761
684;796
685;830
686;879
687;928
688;981
689;1035
690;1072
691;1110
692;1169
693;1229
694;1242
695;1254
696;1260
697;1266
698;1251
699;1237
700;1207
701;1178
702;1096
703;1014
704;969
705;924
706;889
707;853
708;801
709;748
710;736
711;724
712;720
713;717
714;702
715;687
716;685
717;682
718;674
719;667
720;684
721;701
722;702
723;704
724;709
725;715
726;707
727;699
728;707
729;715
730;750
731;785
732;790
733;794
734;809
735;824
736;853
737;882
738;909
739;937
740;980
741;1024
742;1038
743;1052
744;1095
745;1137
746;1132
747;1126
748;1125
749;1124
750;1068
751;1013
752;953
753;892
754;827
755;762
756;723
757;684
758;650
759;617
760;574
761;531
762;516
763;502
764;479
765;456
766;443
767;431
768;431
769;431
770;438
771;445
772;446
773;448
774;448
775;449
776;440
777;431
778;446
779;462
780;465
781;468
782;482
783;496
784;516
785;536
786;554
787;573
788;613
789;654
790;684
791;714
792;782
793;850
794;913
795;976
796;1035
797;1094
798;1139
799;1184
800;1215
801;1246
802;1216
803;1187
804;1117
805;1048
806;987
807;927
808;862
809;797
810;766
811;735
812;722
813;709
814;707
815;706
816;707
817;708
818;710
819;712
820;727
821;742
822;746
823;750
824;764
825;778
826;801
827;825
828;848
829;872
830;915
831;958
832;996
833;1034
834;1045
835;1057
836;1112
837;1168
838;1136
839;1104
840;1053
841;1001
842;899
843;797
844;732
845;668
846;623
847;577
848;550
849;523
850;504
851;486
852;466
853;447
854;444
855;441
856;442
857;443
858;452
859;462
860;475
861;488
862;492
863;497
864;495
865;493
866;518
867;544
868;586
869;628
870;691
871;755
872;828
873;902
874;971
875;1040
876;1082
877;1124
878;1148
879;1172
880;1141
881;1110
882;1075
883;1040
884;970
885;901
886;846
887;790
888;747
889;704
890;704
891;704
892;714
893;725
894;725
895;725
896;734
897;743
898;739
899;735
900;785
901;835
902;871
903;906
904;952
905;998
906;1033
907;1068
908;1091
909;1113
910;1100
911;1088
912;1023
913;958
914;861
915;765
916;692
917;619
918;619
