# Strom: 0.09 A
# Magnetfeld: 0 mT
# Schnitt bei (739,474)
# Mittelung: 1 Pixel
# Magnetfeldsensor unkalibriertPixel ; Red Value
1;265
2;260
3;256
4;291
5;327
6;406
7;486
8;619
9;753
10;836
11;919
12;847
13;775
14;676
15;577
16;512
17;447
18;415
19;384
20;354
21;324
22;313
23;302
24;279
25;256
26;254
27;253
28;248
29;243
30;241
31;240
32;236
33;233
34;230
35;227
36;224
37;222
38;232
39;243
40;238
41;234
42;249
43;265
44;281
45;298
46;348
47;398
48;517
49;637
50;752
51;868
52;889
53;910
54;809
55;709
56;627
57;546
58;485
59;424
60;394
61;364
62;334
63;305
64;283
65;262
66;264
67;267
68;258
69;249
70;233
71;218
72;229
73;240
74;231
75;222
76;231
77;240
78;231
79;222
80;236
81;251
82;257
83;263
84;261
85;260
86;281
87;303
88;328
89;353
90;410
91;467
92;619
93;771
94;869
95;968
96;903
97;839
98;737
99;635
100;568
101;502
102;461
103;420
104;378
105;336
106;313
107;291
108;293
109;296
110;278
111;260
112;262
113;265
114;261
115;258
116;242
117;227
118;234
119;242
120;234
121;227
122;240
123;254
124;240
125;227
126;246
127;265
128;253
129;242
130;256
131;271
132;292
133;313
134;336
135;360
136;423
137;486
138;616
139;746
140;824
141;902
142;914
143;926
144;821
145;717
146;640
147;564
148;513
149;462
150;433
151;405
152;374
153;344
154;323
155;302
156;290
157;278
158;259
159;240
160;245
161;251
162;252
163;253
164;253
165;253
166;243
167;233
168;240
169;247
170;244
171;242
172;232
173;223
174;228
175;233
176;237
177;242
178;265
179;289
180;283
181;278
182;303
183;329
184;344
185;360
186;433
187;506
188;619
189;733
190;827
191;922
192;922
193;922
194;867
195;813
196;734
197;655
198;591
199;527
200;469
201;411
202;381
203;351
204;347
205;344
206;319
207;294
208;291
209;289
210;276
211;263
212;253
213;243
214;247
215;251
216;242
217;234
218;232
219;231
220;245
221;260
222;248
223;236
224;233
225;231
226;235
227;240
228;245
229;251
230;252
231;254
232;264
233;274
234;286
235;298
236;298
237;298
238;328
239;358
240;388
241;418
242;509
243;600
244;727
245;855
246;924
247;993
248;977
249;961
250;867
251;773
252;689
253;606
254;553
255;500
256;474
257;449
258;438
259;427
260;395
261;364
262;329
263;294
264;286
265;278
266;273
267;269
268;260
269;251
270;254
271;258
272;255
273;253
274;246
275;240
276;244
277;249
278;251
279;253
280;256
281;260
282;261
283;262
284;261
285;260
286;256
287;253
288;261
289;269
290;271
291;273
292;278
293;283
294;276
295;269
296;291
297;314
298;341
299;369
300;375
301;382
302;416
303;451
304;544
305;637
306;755
307;873
308;946
309;1019
310;1001
311;984
312;930
313;877
314;794
315;711
316;645
317;580
318;537
319;495
320;481
321;467
322;429
323;391
324;387
325;384
326;358
327;333
328;310
329;287
330;289
331;291
332;294
333;298
334;280
335;263
336;259
337;256
338;258
339;260
340;254
341;249
342;244
343;240
344;247
345;254
346;248
347;242
348;252
349;263
350;264
351;265
352;264
353;263
354;263
355;263
356;265
357;267
358;265
359;263
360;257
361;251
362;261
363;271
364;273
365;276
366;289
367;303
368;331
369;360
370;352
371;344
372;379
373;415
374;455
375;496
376;544
377;593
378;691
379;790
380;880
381;970
382;1004
383;1039
384;998
385;957
386;934
387;911
388;819
389;728
390;678
391;628
392;596
393;564
394;534
395;504
396;468
397;433
398;423
399;413
400;402
401;391
402;362
403;333
404;325
405;318
406;324
407;331
408;309
409;287
410;293
411;300
412;291
413;283
414;269
415;256
416;272
417;289
418;287
419;285
420;269
421;254
422;267
423;280
424;275
425;271
426;271
427;271
428;272
429;274
430;278
431;283
432;279
433;276
434;274
435;273
436;278
437;283
438;286
439;289
440;293
441;298
442;315
443;333
444;304
445;276
446;310
447;344
448;334
449;325
450;319
451;314
452;319
453;325
454;350
455;376
456;375
457;374
458;384
459;395
460;411
461;427
462;456
463;486
464;525
465;564
466;610
467;657
468;734
469;811
470;868
471;926
472;995
473;1064
474;1114
475;1165
476;1143
477;1121
478;1080
479;1039
480;974
481;910
482;874
483;839
484;786
485;733
486;696
487;660
488;622
489;584
490;581
491;578
492;561
493;544
494;539
495;535
496;518
497;502
498;503
499;504
500;456
501;409
502;434
503;460
504;473
505;486
506;477
507;469
508;445
509;422
510;428
511;435
512;419
513;404
514;419
515;435
516;437
517;440
518;430
519;420
520;409
521;398
522;417
523;436
524;413
525;391
526;404
527;418
528;422
529;427
530;432
531;438
532;423
533;409
534;407
535;405
536;404
537;404
538;394
539;384
540;399
541;415
542;414
543;413
544;414
545;416
546;406
547;396
548;404
549;413
550;434
551;456
552;449
553;442
554;437
555;433
556;423
557;413
558;417
559;422
560;435
561;449
562;450
563;451
564;447
565;444
566;448
567;453
568;454
569;456
570;449
571;442
572;442
573;442
574;444
575;447
576;449
577;451
578;460
579;469
580;484
581;500
582;472
583;445
584;450
585;456
586;450
587;445
588;480
589;515
590;515
591;516
592;531
593;546
594;550
595;555
596;557
597;560
598;546
599;533
600;565
601;598
602;609
603;620
604;648
605;677
606;694
607;711
608;736
609;762
610;807
611;853
612;865
613;877
614;898
615;919
616;961
617;1004
618;1028
619;1052
620;1082
621;1112
622;1142
623;1172
624;1197
625;1223
626;1255
627;1288
628;1290
629;1292
630;1257
631;1223
632;1233
633;1243
634;1186
635;1130
636;1106
637;1083
638;1083
639;1083
640;1042
641;1002
642;994
643;986
644;969
645;952
646;933
647;915
648;877
649;839
650;841
651;844
652;822
653;800
654;776
655;753
656;755
657;757
658;737
659;717
660;719
661;722
662;715
663;709
664;693
665;677
666;670
667;664
668;678
669;693
670;670
671;648
672;642
673;637
674;642
675;648
676;632
677;617
678;625
679;633
680;626
681;620
682;594
683;569
684;568
685;567
686;572
687;577
688;570
689;564
690;564
691;564
692;560
693;557
694;558
695;560
696;558
697;557
698;548
699;540
700;539
701;538
702;528
703;518
704;511
705;504
706;518
707;533
708;514
709;495
710;491
711;487
712;491
713;495
714;498
715;502
716;494
717;487
718;495
719;504
720;495
721;486
722;484
723;482
724;495
725;509
726;484
727;460
728;474
729;489
730;472
731;455
732;472
733;489
734;466
735;444
736;463
737;482
738;473
739;464
740;462
741;460
742;466
743;473
744;456
745;440
746;451
747;462
748;466
749;471
750;461
751;451
752;457
753;464
754;448
755;433
756;456
757;480
758;483
759;487
760;471
761;456
762;468
763;480
764;459
765;438
766;443
767;449
768;462
769;475
770;474
771;473
772;474
773;476
774;473
775;471
776;478
777;486
778;486
779;487
780;494
781;502
782;505
783;509
784;497
785;486
786;489
787;493
788;503
789;513
790;510
791;507
792;518
793;529
794;515
795;502
796;520
797;538
798;535
799;533
800;550
801;567
802;569
803;571
804;548
805;526
806;550
807;575
808;578
809;582
810;583
811;584
812;586
813;589
814;604
815;620
816;606
817;593
818;639
819;686
820;682
821;678
822;687
823;697
824;708
825;720
826;730
827;740
828;752
829;764
830;782
831;800
832;804
833;808
834;840
835;873
836;893
837;913
838;924
839;935
840;984
841;1033
842;1028
843;1024
844;1059
845;1095
846;1130
847;1165
848;1207
849;1250
850;1222
851;1195
852;1195
853;1195
854;1182
855;1170
856;1144
857;1119
858;1082
859;1046
860;994
861;942
862;934
863;926
864;883
865;840
866;800
867;760
868;725
869;691
870;672
871;653
872;611
873;569
874;555
875;542
876;518
877;495
878;470
879;445
880;439
881;433
882;421
883;409
884;400
885;391
886;376
887;362
888;372
889;382
890;353
891;325
892;334
893;344
894;333
895;322
896;314
897;307
898;318
899;329
900;321
901;314
902;309
903;305
904;291
905;278
906;278
907;278
908;290
909;302
910;276
911;251
912;262
913;273
914;263
915;253
916;263
917;274
918;275
919;276
920;269
921;262
922;258
923;254
924;262
925;271
926;264
927;258
928;254
929;251
930;247
931;243
932;255
933;267
934;270
935;274
936;267
937;260
938;246
939;233
940;243
941;254
942;246
943;238
944;244
945;251
946;257
947;263
948;264
949;265
950;259
951;254
952;265
953;276
954;277
955;278
956;267
957;256
958;266
959;276
960;275
961;274
962;303
963;333
964;327
965;322
966;311
967;300
968;297
969;294
970;311
971;329
972;332
973;336
974;350
975;364
976;365
977;367
978;391
979;415
980;407
981;400
982;402
983;404
984;438
985;473
986;459
987;445
988;479
989;513
990;535
991;558
992;567
993;577
994;610
995;644
996;704
997;764
998;801
999;839
1000;897
1001;955
1002;985
1003;1015
1004;1049
1005;1083
1006;1035
1007;988
1008;939
1009;890
1010;801
1011;713
1012;664
1013;615
1014;575
1015;536
1016;493
1017;451
1018;429
1019;407
1020;376
1021;345
1022;334
1023;324
1024;307
1025;291
1026;292
1027;294
1028;286
1029;278
1030;275
1031;273
1032;263
1033;253
1034;259
1035;265
1036;268
1037;271
1038;252
1039;234
1040;248
1041;263
1042;258
1043;254
1044;256
1045;258
1046;250
1047;243
1048;233
1049;223
1050;242
1051;262
1052;263
1053;265
1054;261
1055;258
1056;261
1057;265
1058;253
1059;242
1060;254
1061;267
1062;263
1063;260
1064;264
1065;269
1066;276
1067;283
1068;278
1069;274
1070;268
1071;262
1072;280
1073;298
1074;305
1075;313
1076;328
1077;344
1078;359
1079;374
1080;408
1081;442
1082;449
1083;456
1084;483
1085;511
1086;528
1087;546
1088;563
1089;580
1090;614
1091;648
1092;724
1093;800
1094;871
1095;942
1096;975
1097;1008
1098;992
1099;977
1100;869
1101;762
1102;669
1103;577
1104;529
1105;482
1106;434
1107;387
1108;367
1109;347
1110;334
1111;322
1112;302
1113;283
1114;293
1115;303
1116;288
1117;274
1118;258
1119;242
1120;258
1121;274
1122;264
1123;254
1124;245
1125;236
1126;246
1127;256
1128;259
1129;263
1130;255
1131;247
1132;249
1133;251
1134;253
1135;256
1136;258
1137;260
1138;244
1139;229
1140;238
1141;247
1142;243
1143;240
1144;261
1145;283
1146;290
1147;298
1148;300
1149;302
1150;302
1151;302
1152;341
1153;380
1154;372
1155;365
1156;402
1157;440
1158;442
1159;444
1160;465
1161;486
1162;533
1163;580
1164;614
1165;649
1166;702
1167;755
1168;845
1169;935
1170;926
1171;917
1172;857
1173;797
1174;687
1175;578
1176;511
1177;445
1178;410
1179;376
1180;347
1181;318
1182;307
1183;296
1184;289
1185;282
1186;274
1187;267
1188;257
1189;247
1190;262
1191;278
1192;266
1193;254
1194;247
1195;240
1196;240
1197;240
1198;241
1199;243
1200;245
1201;247
1202;240
1203;233
1204;249
1205;265
1206;257
1207;249
1208;261
1209;273
1210;269
1211;265
1212;273
1213;282
1214;302
1215;322
1216;330
1217;338
1218;361
1219;384
1220;402
1221;420
1222;436
1223;453
1224;474
1225;496
1226;548
1227;600
1228;648
1229;697
1230;789
1231;881
1232;902
1233;924
1234;850
1235;777
1236;664
1237;551
1238;493
1239;435
1240;384
1241;334
1242;318
1243;302
1244;303
1245;305
1246;289
1247;273
1248;266
1249;260
1250;256
1251;253
1252;244
1253;236
1254;230
1255;225
1256;231
1257;238
1258;244
1259;251
1260;242
1261;233
1262;246
1263;260
1264;258
1265;256
1266;251
1267;247
1268;263
1269;280
1270;281
1271;283
1272;299
1273;316
1274;338
1275;360
1276;388
1277;416
1278;427
1279;438
1280;483
1281;529
1282;563
1283;598
1284;654
1285;711
1286;802
1287;893
1288;871
1289;850
1290;766
1291;682
1292;559
1293;436
1294;391
1295;347
1296;327
1297;307
1298;304
1299;302
1300;286
1301;271
1302;266
1303;262
1304;256
1305;251
1306;238
1307;225
1308;229
1309;234
1310;226
1311;218
1312;225
1313;233
1314;237
1315;242
1316;235
1317;229
1318;245
1319;262
1320;267
1321;273
1322;274
1323;276
1324;294
1325;313
1326;345
1327;378
1328;391
1329;404
1330;440
1331;476
1332;504
1333;533
1334;622
1335;711
1336;779
1337;848
1338;854
1339;861
1340;753
1341;646
1342;537
1343;429
1344;376
1345;324
1346;303
1347;282
1348;270
1349;258
1350;248
1351;238
1352;239
1353;240
1354;244
1355;249
1356;242
1357;236
1358;238
1359;240
1360;235
1361;231
1362;233
1363;236
1364;246
1365;256
1366;259
1367;263
1368;263
