# Strom: -0.34 A
# Magnetfeld: 25 mT
# Schnitt bei (696,491)
# Mittelung: 1 Pixel
# Magnetfeldsensor kalibriertPixel ; Red Value
1;612
2;651
3;691
4;730
5;769
6;759
7;748
8;761
9;773
10;828
11;883
12;957
13;1031
14;1038
15;1045
16;1027
17;1010
18;950
19;889
20;866
21;843
22;863
23;884
24;873
25;863
26;831
27;799
28;737
29;675
30;626
31;578
32;527
33;476
34;444
35;412
36;408
37;404
38;420
39;435
40;463
41;492
42;531
43;571
44;630
45;690
46;725
47;761
48;764
49;768
50;773
51;779
52;795
53;811
54;853
55;895
56;971
57;1047
58;1072
59;1098
60;1065
61;1032
62;977
63;921
64;887
65;853
66;862
67;871
68;879
69;888
70;866
71;845
72;793
73;740
74;676
75;613
76;554
77;496
78;476
79;456
80;437
81;418
82;417
83;416
84;435
85;454
86;479
87;504
88;565
89;626
90;660
91;695
92;743
93;791
94;803
95;815
96;806
97;797
98;818
99;838
100;881
101;925
102;983
103;1042
104;1080
105;1119
106;1104
107;1089
108;1032
109;976
110;942
111;908
112;880
113;852
114;885
115;918
116;933
117;948
118;901
119;854
120;812
121;769
122;715
123;661
124;605
125;549
126;519
127;490
128;479
129;468
130;447
131;427
132;436
133;446
134;464
135;483
136;518
137;554
138;594
139;635
140;703
141;770
142;789
143;808
144;821
145;834
146;819
147;805
148;812
149;819
150;865
151;911
152;975
153;1038
154;1091
155;1143
156;1153
157;1162
158;1122
159;1081
160;1022
161;962
162;935
163;908
164;889
165;870
166;911
167;951
168;949
169;946
170;932
171;919
172;867
173;816
174;750
175;684
176;648
177;612
178;574
179;537
180;511
181;484
182;477
183;470
184;470
185;470
186;460
187;450
188;471
189;493
190;533
191;573
192;618
193;663
194;711
195;760
196;791
197;821
198;837
199;854
200;846
201;839
202;834
203;828
204;848
205;868
206;909
207;950
208;1024
209;1099
210;1148
211;1197
212;1190
213;1183
214;1182
215;1182
216;1112
217;1043
218;992
219;941
220;932
221;923
222;924
223;925
224;944
225;964
226;975
227;987
228;992
229;998
230;928
231;858
232;811
233;765
234;710
235;655
236;620
237;585
238;557
239;530
240;511
241;492
242;486
243;480
244;484
245;488
246;493
247;498
248;512
249;525
250;559
251;593
252;633
253;674
254;730
255;787
256;810
257;833
258;860
259;887
260;892
261;897
262;886
263;876
264;884
265;893
266;895
267;898
268;912
269;926
270;998
271;1070
272;1110
273;1151
274;1190
275;1230
276;1236
277;1243
278;1214
279;1185
280;1133
281;1081
282;1050
283;1020
284;988
285;956
286;944
287;933
288;963
289;993
290;1013
291;1033
292;1047
293;1061
294;1032
295;1004
296;949
297;895
298;860
299;826
300;776
301;726
302;694
303;663
304;640
305;617
306;597
307;577
308;555
309;533
310;518
311;502
312;490
313;478
314;490
315;502
316;507
317;513
318;532
319;552
320;583
321;615
322;636
323;657
324;719
325;782
326;813
327;844
328;863
329;883
330;889
331;895
332;937
333;979
334;953
335;928
336;918
337;908
338;910
339;912
340;919
341;926
342;967
343;1008
344;1046
345;1085
346;1149
347;1213
348;1229
349;1244
350;1272
351;1301
352;1281
353;1262
354;1230
355;1199
356;1171
357;1143
358;1102
359;1061
360;1023
361;985
362;965
363;945
364;956
365;967
366;993
367;1020
368;1033
369;1047
370;1069
371;1091
372;1096
373;1101
374;1084
375;1067
376;1022
377;977
378;914
379;852
380;826
381;800
382;763
383;726
384;693
385;660
386;650
387;639
388;615
389;592
390;578
391;564
392;541
393;519
394;532
395;545
396;544
397;542
398;543
399;544
400;538
401;533
402;540
403;548
404;569
405;591
406;605
407;619
408;638
409;657
410;706
411;756
412;785
413;814
414;854
415;894
416;902
417;909
418;937
419;965
420;961
421;958
422;970
423;983
424;974
425;965
426;974
427;984
428;957
429;930
430;949
431;968
432;954
433;941
434;967
435;993
436;1026
437;1059
438;1088
439;1117
440;1142
441;1167
442;1216
443;1266
444;1298
445;1329
446;1339
447;1350
448;1352
449;1354
450;1324
451;1295
452;1274
453;1253
454;1230
455;1208
456;1165
457;1123
458;1087
459;1051
460;1027
461;1004
462;976
463;948
464;946
465;944
466;963
467;983
468;996
469;1009
470;1032
471;1055
472;1087
473;1119
474;1114
475;1110
476;1151
477;1192
478;1154
479;1115
480;1120
481;1125
482;1071
483;1018
484;1004
485;990
486;957
487;924
488;896
489;869
490;861
491;852
492;800
493;748
494;727
495;707
496;700
497;694
498;675
499;656
500;633
501;610
502;605
503;601
504;597
505;593
506;583
507;573
508;572
509;571
510;560
511;549
512;552
513;556
514;545
515;534
516;537
517;540
518;545
519;550
520;547
521;544
522;547
523;550
524;547
525;545
526;551
527;557
528;573
529;589
530;579
531;570
532;590
533;610
534;628
535;646
536;649
537;653
538;681
539;709
540;723
541;736
542;766
543;797
544;815
545;834
546;848
547;861
548;886
549;911
550;926
551;941
552;949
553;957
554;975
555;993
556;1001
557;1009
558;1011
559;1013
560;1021
561;1029
562;1009
563;990
564;988
565;987
566;980
567;974
568;976
569;978
570;963
571;948
572;962
573;977
574;965
575;953
576;950
577;948
578;962
579;976
580;956
581;937
582;940
583;944
584;939
585;934
586;952
587;970
588;965
589;961
590;984
591;1007
592;1009
593;1010
594;1005
595;999
596;1014
597;1030
598;1056
599;1082
600;1097
601;1112
602;1124
603;1136
604;1159
605;1183
606;1198
607;1213
608;1238
609;1263
610;1278
611;1294
612;1303
613;1312
614;1327
615;1342
616;1345
617;1348
618;1368
619;1389
620;1386
621;1384
622;1387
623;1391
624;1393
625;1396
626;1388
627;1381
628;1398
629;1415
630;1420
631;1425
632;1414
633;1403
634;1400
635;1398
636;1365
637;1332
638;1333
639;1334
640;1328
641;1321
642;1317
643;1312
644;1288
645;1264
646;1271
647;1278
648;1260
649;1242
650;1247
651;1251
652;1251
653;1252
654;1224
655;1197
656;1186
657;1174
658;1168
659;1161
660;1154
661;1147
662;1143
663;1139
664;1131
665;1123
666;1126
667;1129
668;1100
669;1072
670;1078
671;1083
672;1089
673;1096
674;1091
675;1087
676;1088
677;1090
678;1083
679;1077
680;1081
681;1086
682;1068
683;1051
684;1067
685;1083
686;1062
687;1042
688;1053
689;1063
690;1064
691;1066
692;1058
693;1050
694;1033
695;1017
696;1028
697;1039
698;1033
699;1028
700;1042
701;1055
702;1061
703;1066
704;1039
705;1012
706;1008
707;1003
708;1028
709;1052
710;1059
711;1065
712;1068
713;1071
714;1057
715;1043
716;1060
717;1078
718;1070
719;1062
720;1066
721;1070
722;1081
723;1093
724;1101
725;1110
726;1098
727;1086
728;1089
729;1093
730;1102
731;1112
732;1117
733;1122
734;1134
735;1145
736;1157
737;1170
738;1144
739;1118
740;1160
741;1203
742;1191
743;1179
744;1195
745;1212
746;1214
747;1216
748;1233
749;1251
750;1249
751;1248
752;1255
753;1262
754;1282
755;1303
756;1301
757;1300
758;1314
759;1329
760;1338
761;1347
762;1331
763;1315
764;1341
765;1367
766;1371
767;1375
768;1380
769;1385
770;1398
771;1411
772;1380
773;1349
774;1357
775;1365
776;1374
777;1384
778;1372
779;1361
780;1340
781;1319
782;1299
783;1280
784;1260
785;1241
786;1232
787;1224
788;1195
789;1167
790;1147
791;1128
792;1082
793;1037
794;1027
795;1018
796;1014
797;1011
798;988
799;965
800;962
801;960
802;944
803;929
804;922
805;914
806;902
807;890
808;870
809;851
810;860
811;868
812;868
813;869
814;859
815;849
816;861
817;873
818;885
819;898
820;889
821;881
822;890
823;898
824;897
825;896
826;900
827;905
828;923
829;942
830;935
831;929
832;931
833;932
834;938
835;943
836;952
837;961
838;959
839;957
840;956
841;955
842;931
843;908
844;901
845;894
846;869
847;844
848;811
849;779
850;762
851;746
852;723
853;701
854;667
855;634
856;622
857;611
858;590
859;569
860;543
861;517
862;502
863;487
864;492
865;497
866;486
867;474
868;465
869;456
870;454
871;452
872;448
873;444
874;437
875;431
876;437
877;442
878;434
879;426
880;421
881;415
882;425
883;436
884;435
885;434
886;436
887;439
888;445
889;452
890;455
891;458
892;472
893;485
894;496
895;507
896;514
897;521
898;541
899;561
900;578
901;596
902;615
903;634
904;694
905;754
906;761
907;769
908;809
909;849
910;898
911;947
912;992
913;1037
914;1054
915;1071
916;1095
917;1120
918;1101
919;1082
920;1056
921;1031
922;1015
923;999
924;957
925;916
926;890
927;865
928;841
929;818
930;817
931;816
932;824
933;833
934;860
935;888
936;909
937;929
938;973
939;1017
940;1055
941;1093
942;1141
943;1189
944;1237
945;1286
946;1310
947;1334
948;1346
949;1357
950;1345
951;1334
952;1267
953;1201
954;1141
955;1081
956;1021
957;961
958;925
959;889
960;872
961;856
962;835
963;815
964;824
965;833
966;839
967;846
968;857
969;868
970;882
971;897
972;905
973;913
974;921
975;929
976;916
977;904
978;882
979;861
980;833
981;805
982;755
983;705
984;664
985;624
986;583
987;542
988;517
989;493
990;475
991;458
992;448
993;438
994;434
995;431
996;411
997;392
998;403
999;415
1000;417
1001;419
1002;421
1003;424
1004;433
1005;443
1006;452
1007;461
1008;482
1009;504
1010;508
1011;512
1012;564
1013;616
1014;660
1015;705
1016;759
1017;814
1018;876
1019;938
1020;975
1021;1012
1022;1039
1023;1065
1024;1049
1025;1033
1026;987
1027;940
1028;904
1029;869
1030;831
1031;794
1032;802
1033;809
1034;823
1035;837
1036;898
1037;959
1038;1014
1039;1070
1040;1132
1041;1195
1042;1232
1043;1270
1044;1298
1045;1326
1046;1281
1047;1236
1048;1178
1049;1119
1050;1039
1051;959
1052;919
1053;879
1054;844
1055;808
1056;807
1057;805
1058;824
1059;844
1060;859
1061;874
1062;880
1063;887
1064;901
1065;915
1066;888
1067;862
1068;807
1069;753
1070;693
1071;633
1072;584
1073;535
1074;495
1075;455
1076;449
1077;443
1078;426
1079;409
1080;405
1081;401
1082;386
1083;372
1084;394
1085;416
1086;418
1087;420
1088;430
1089;441
1090;473
1091;505
1092;536
1093;566
1094;614
1095;662
1096;721
1097;781
1098;863
1099;945
1100;989
1101;1033
1102;1015
1103;997
1104;966
1105;936
1106;872
1107;809
1108;803
1109;797
1110;803
1111;809
1112;861
1113;914
1114;979
1115;1045
1116;1124
1117;1203
1118;1244
1119;1286
1120;1271
1121;1256
1122;1177
1123;1098
1124;1005
1125;913
1126;873
1127;834
1128;818
1129;802
1130;805
1131;807
1132;821
1133;836
1134;862
1135;888
1136;870
1137;852
1138;835
1139;819
1140;737
1141;655
1142;595
1143;536
1144;497
1145;459
1146;438
1147;417
1148;404
1149;391
1150;396
1151;401
1152;388
1153;376
1154;388
1155;401
1156;427
1157;453
1158;484
1159;516
1160;552
1161;589
1162;672
1163;755
1164;830
1165;906
1166;960
1167;1014
1168;1014
1169;1014
1170;944
1171;874
1172;829
1173;784
1174;785
1175;785
1176;840
1177;895
1178;968
1179;1042
1180;1105
1181;1167
1182;1191
1183;1216
1184;1183
1185;1151
1186;1077
1187;1002
1188;918
1189;833
1190;816
1191;798
1192;812
1193;826
1194;820
1195;814
1196;849
1197;884
1198;850
1199;817
1200;758
1201;700
1202;625
1203;551
1204;502
1205;453
1206;428
1207;403
1208;397
1209;392
1210;387
1211;383
1212;393
1213;403
1214;414
1215;425
1216;450
1217;474
1218;515
1219;556
1220;636
1221;715
1222;805
1223;895
1224;948
1225;1000
1226;968
1227;936
1228;875
1229;815
1230;793
1231;772
1232;802
1233;831
1234;903
1235;975
1236;1044
1237;1113
1238;1158
1239;1202
1240;1155
1241;1108
1242;1014
1243;920
1244;872
1245;824
1246;811
1247;798
1248;811
1249;824
1250;844
1251;864
1252;850
1253;836
1254;773
1255;710
1256;628
1257;545
1258;488
1259;431
1260;413
1261;395
1262;392
1263;389
1264;389
1265;389
1266;388
1267;387
1268;413
1269;439
1270;468
1271;497
1272;580
1273;664
1274;755
1275;847
1276;915
1277;983
1278;982
1279;981
1280;880
1281;779
1282;763
1283;747
1284;794
1285;841
1286;937
1287;1033
1288;1104
1289;1175
1290;1162
1291;1150
1292;1048
1293;947
1294;873
1295;798
1296;784
1297;770
1298;777
1299;784
1300;803
1301;822
1302;809
1303;797
1304;730
1305;664
1306;597
1307;530
1308;475
1309;420
1310;404
1311;389
1312;377
1313;366
1314;375
1315;383
1316;405
1317;427
1318;471
1319;515
1320;585
1321;655
1322;755
1323;855
1324;913
1325;970
1326;926
1327;883
1328;824
1329;765
1330;766
1331;767
1332;847
1333;927
1334;1020
1335;1113
1336;1140
1337;1168
1338;1093
1339;1019
1340;937
1341;855
1342;799
1343;743
1344;767
1345;791
1346;809
1347;826
1348;811
1349;797
1350;716
1351;635
1352;573
1353;511
1354;451
1355;392
1356;385
1357;379
1358;377
1359;376
1360;392
1361;409
1362;441
1363;473
1364;528
1365;583
1366;689
1367;795
1368;795
