# Strom: 0.02 A
# Magnetfeld: 4 mT
# Schnitt bei (696,491)
# Mittelung: 1 Pixel
# Magnetfeldsensor kalibriertPixel ; Red Value
1;242
2;252
3;261
4;275
5;290
6;316
7;342
8;421
9;501
10;626
11;752
12;852
13;952
14;1027
15;1102
16;1051
17;1000
18;917
19;834
20;717
21;601
22;534
23;467
24;416
25;365
26;339
27;313
28;298
29;282
30;270
31;258
32;254
33;251
34;244
35;237
36;230
37;224
38;225
39;225
40;231
41;237
42;250
43;262
44;265
45;269
46;275
47;282
48;304
49;326
50;362
51;399
52;487
53;576
54;706
55;836
56;947
57;1059
58;1087
59;1116
60;1079
61;1042
62;946
63;850
64;744
65;637
66;561
67;484
68;432
69;381
70;353
71;325
72;306
73;287
74;275
75;264
76;260
77;256
78;256
79;256
80;250
81;244
82;246
83;248
84;249
85;250
86;248
87;246
88;251
89;257
90;260
91;264
92;279
93;294
94;310
95;326
96;361
97;395
98;481
99;567
100;665
101;762
102;881
103;1001
104;1059
105;1118
106;1136
107;1154
108;1069
109;983
110;880
111;777
112;693
113;609
114;543
115;476
116;436
117;395
118;355
119;316
120;311
121;306
122;286
123;267
124;266
125;266
126;264
127;262
128;256
129;250
130;250
131;251
132;244
133;238
134;242
135;247
136;252
137;257
138;260
139;263
140;267
141;272
142;283
143;295
144;315
145;336
146;371
147;407
148;461
149;516
150;625
151;734
152;837
153;940
154;1032
155;1123
156;1161
157;1199
158;1157
159;1116
160;1018
161;920
162;813
163;707
164;644
165;582
166;527
167;473
168;426
169;380
170;362
171;344
172;325
173;306
174;301
175;297
176;288
177;279
178;274
179;270
180;265
181;261
182;260
183;260
184;264
185;268
186;270
187;273
188;268
189;262
190;269
191;275
192;264
193;254
194;270
195;287
196;298
197;309
198;306
199;303
200;326
201;350
202;402
203;453
204;515
205;576
206;668
207;760
208;886
209;1011
210;1101
211;1191
212;1208
213;1226
214;1199
215;1172
216;1105
217;1038
218;942
219;847
220;767
221;688
222;617
223;546
224;501
225;455
226;419
227;383
228;372
229;361
230;342
231;324
232;310
233;295
234;294
235;292
236;293
237;294
238;286
239;278
240;271
241;264
242;273
243;282
244;280
245;278
246;285
247;292
248;287
249;282
250;285
251;288
252;288
253;288
254;297
255;307
256;310
257;312
258;318
259;325
260;340
261;355
262;370
263;385
264;413
265;441
266;500
267;559
268;645
269;731
270;824
271;917
272;1028
273;1140
274;1207
275;1275
276;1291
277;1306
278;1270
279;1234
280;1164
281;1094
282;1004
283;914
284;842
285;770
286;701
287;633
288;577
289;522
290;489
291;457
292;437
293;417
294;403
295;390
296;371
297;352
298;348
299;344
300;337
301;331
302;321
303;311
304;307
305;303
306;298
307;294
308;290
309;286
310;292
311;299
312;297
313;296
314;301
315;306
316;297
317;288
318;290
319;293
320;302
321;311
322;314
323;317
324;317
325;317
326;317
327;318
328;314
329;310
330;328
331;347
332;362
333;378
334;377
335;377
336;410
337;443
338;481
339;520
340;560
341;601
342;677
343;754
344;844
345;935
346;1043
347;1152
348;1202
349;1252
350;1276
351;1300
352;1311
353;1321
354;1278
355;1235
356;1168
357;1101
358;1053
359;1006
360;935
361;864
362;774
363;684
364;650
365;616
366;571
367;525
368;488
369;452
370;448
371;444
372;421
373;398
374;390
375;382
376;364
377;346
378;346
379;347
380;344
381;341
382;333
383;325
384;328
385;331
386;316
387;302
388;302
389;302
390;304
391;306
392;311
393;316
394;310
395;305
396;301
397;297
398;301
399;306
400;311
401;317
402;308
403;300
404;314
405;328
406;307
407;286
408;303
409;320
410;326
411;332
412;323
413;313
414;327
415;341
416;344
417;347
418;350
419;353
420;351
421;349
422;357
423;365
424;379
425;392
426;409
427;426
428;439
429;452
430;487
431;523
432;557
433;591
434;614
435;637
436;712
437;787
438;859
439;931
440;1016
441;1101
442;1164
443;1228
444;1276
445;1324
446;1385
447;1447
448;1433
449;1419
450;1415
451;1411
452;1356
453;1301
454;1265
455;1230
456;1173
457;1116
458;1052
459;988
460;942
461;896
462;831
463;766
464;734
465;703
466;653
467;603
468;598
469;594
470;569
471;545
472;508
473;471
474;468
475;466
476;444
477;422
478;413
479;404
480;400
481;395
482;386
483;376
484;370
485;365
486;361
487;357
488;355
489;354
490;351
491;349
492;346
493;343
494;331
495;320
496;320
497;321
498;322
499;324
500;323
501;321
502;315
503;309
504;322
505;336
506;324
507;313
508;317
509;320
510;313
511;306
512;300
513;293
514;290
515;288
516;296
517;304
518;302
519;301
520;313
521;325
522;317
523;310
524;310
525;310
526;310
527;311
528;307
529;303
530;309
531;315
532;320
533;324
534;320
535;317
536;315
537;313
538;309
539;306
540;313
541;320
542;330
543;341
544;334
545;328
546;323
547;318
548;326
549;333
550;334
551;336
552;344
553;353
554;362
555;371
556;353
557;334
558;341
559;348
560;355
561;362
562;363
563;365
564;372
565;378
566;381
567;384
568;398
569;412
570;420
571;429
572;433
573;438
574;447
575;456
576;468
577;481
578;488
579;496
580;501
581;506
582;513
583;520
584;543
585;566
586;579
587;592
588;620
589;649
590;657
591;666
592;698
593;730
594;749
595;768
596;803
597;838
598;862
599;886
600;913
601;941
602;969
603;997
604;1042
605;1087
606;1134
607;1182
608;1207
609;1232
610;1266
611;1300
612;1320
613;1341
614;1349
615;1358
616;1393
617;1428
618;1431
619;1434
620;1487
621;1540
622;1536
623;1532
624;1547
625;1563
626;1535
627;1507
628;1498
629;1490
630;1512
631;1534
632;1532
633;1530
634;1523
635;1517
636;1519
637;1521
638;1526
639;1532
640;1499
641;1467
642;1446
643;1425
644;1421
645;1417
646;1394
647;1372
648;1380
649;1388
650;1366
651;1345
652;1345
653;1346
654;1341
655;1337
656;1287
657;1237
658;1246
659;1255
660;1232
661;1209
662;1224
663;1239
664;1205
665;1172
666;1191
667;1211
668;1176
669;1142
670;1148
671;1153
672;1129
673;1104
674;1106
675;1109
676;1120
677;1131
678;1120
679;1110
680;1087
681;1065
682;1065
683;1064
684;1052
685;1040
686;1049
687;1058
688;1065
689;1072
690;1060
691;1049
692;1056
693;1063
694;1055
695;1048
696;1055
697;1062
698;1056
699;1050
700;1045
701;1041
702;1040
703;1039
704;1049
705;1059
706;1037
707;1015
708;1033
709;1051
710;1036
711;1021
712;1053
713;1085
714;1075
715;1064
716;1070
717;1075
718;1074
719;1072
720;1089
721;1106
722;1105
723;1104
724;1131
725;1159
726;1161
727;1164
728;1187
729;1210
730;1193
731;1177
732;1202
733;1226
734;1249
735;1272
736;1286
737;1301
738;1284
739;1268
740;1281
741;1294
742;1315
743;1336
744;1337
745;1337
746;1352
747;1366
748;1391
749;1416
750;1423
751;1431
752;1420
753;1409
754;1449
755;1488
756;1482
757;1475
758;1481
759;1487
760;1507
761;1528
762;1549
763;1570
764;1546
765;1522
766;1543
767;1565
768;1555
769;1546
770;1567
771;1589
772;1568
773;1548
774;1520
775;1492
776;1467
777;1442
778;1425
779;1409
780;1390
781;1372
782;1328
783;1285
784;1250
785;1215
786;1191
787;1167
788;1114
789;1062
790;1063
791;1064
792;1006
793;949
794;922
795;895
796;840
797;786
798;770
799;755
800;726
801;697
802;674
803;651
804;627
805;603
806;585
807;567
808;543
809;519
810;507
811;495
812;485
813;474
814;457
815;439
816;428
817;417
818;417
819;417
820;405
821;393
822;381
823;369
824;358
825;348
826;347
827;347
828;339
829;331
830;333
831;336
832;339
833;342
834;328
835;314
836;308
837;301
838;303
839;305
840;298
841;292
842;294
843;295
844;299
845;303
846;287
847;272
848;271
849;271
850;271
851;272
852;273
853;273
854;274
855;274
856;268
857;262
858;261
859;260
860;263
861;267
862;262
863;257
864;254
865;252
866;255
867;259
868;259
869;260
870;257
871;255
872;251
873;247
874;253
875;260
876;250
877;241
878;246
879;250
880;244
881;237
882;249
883;261
884;269
885;278
886;264
887;250
888;251
889;253
890;249
891;246
892;257
893;268
894;262
895;256
896;259
897;263
898;270
899;278
900;270
901;263
902;270
903;278
904;279
905;281
906;280
907;279
908;281
909;283
910;292
911;302
912;297
913;292
914;308
915;324
916;330
917;337
918;347
919;357
920;374
921;391
922;402
923;414
924;424
925;434
926;468
927;503
928;538
929;574
930;598
931;623
932;686
933;750
934;796
935;842
936;871
937;901
938;1005
939;1110
940;1174
941;1237
942;1321
943;1405
944;1432
945;1460
946;1505
947;1549
948;1540
949;1530
950;1444
951;1357
952;1251
953;1146
954;1073
955;1000
956;894
957;788
958;718
959;648
960;607
961;566
962;525
963;484
964;448
965;413
966;405
967;398
968;379
969;361
970;345
971;330
972;316
973;302
974;295
975;289
976;285
977;281
978;271
979;262
980;259
981;255
982;253
983;252
984;257
985;262
986;264
987;265
988;256
989;247
990;252
991;257
992;257
993;258
994;254
995;250
996;242
997;234
998;234
999;233
1000;234
1001;236
1002;238
1003;241
1004;244
1005;247
1006;250
1007;254
1008;253
1009;252
1010;258
1011;263
1012;255
1013;247
1014;257
1015;267
1016;283
1017;299
1018;298
1019;297
1020;307
1021;318
1022;329
1023;341
1024;355
1025;369
1026;376
1027;383
1028;440
1029;497
1030;520
1031;543
1032;603
1033;664
1034;735
1035;806
1036;895
1037;984
1038;1081
1039;1179
1040;1278
1041;1377
1042;1431
1043;1486
1044;1486
1045;1487
1046;1387
1047;1288
1048;1147
1049;1006
1050;881
1051;756
1052;690
1053;624
1054;545
1055;467
1056;435
1057;404
1058;383
1059;362
1060;339
1061;317
1062;309
1063;301
1064;294
1065;288
1066;274
1067;260
1068;248
1069;237
1070;244
1071;251
1072;249
1073;247
1074;239
1075;231
1076;234
1077;238
1078;237
1079;237
1080;246
1081;255
1082;242
1083;229
1084;226
1085;223
1086;229
1087;235
1088;232
1089;230
1090;231
1091;233
1092;244
1093;255
1094;263
1095;270
1096;280
1097;289
1098;295
1099;301
1100;310
1101;320
1102;328
1103;337
1104;374
1105;412
1106;447
1107;482
1108;535
1109;588
1110;664
1111;739
1112;849
1113;959
1114;1088
1115;1217
1116;1282
1117;1347
1118;1392
1119;1438
1120;1383
1121;1328
1122;1160
1123;991
1124;860
1125;728
1126;630
1127;533
1128;476
1129;420
1130;397
1131;375
1132;339
1133;304
1134;301
1135;298
1136;285
1137;272
1138;266
1139;259
1140;255
1141;251
1142;250
1143;250
1144;240
1145;230
1146;239
1147;249
1148;241
1149;233
1150;234
1151;235
1152;232
1153;228
1154;233
1155;237
1156;242
1157;248
1158;248
1159;249
1160;249
1161;250
1162;263
1163;277
1164;281
1165;285
1166;306
1167;327
1168;337
1169;348
1170;375
1171;401
1172;483
1173;565
1174;635
1175;705
1176;805
1177;906
1178;1026
1179;1147
1180;1253
1181;1359
1182;1381
1183;1402
1184;1266
1185;1130
1186;967
1187;805
1188;690
1189;576
1190;498
1191;420
1192;380
1193;340
1194;312
1195;285
1196;277
1197;269
1198;264
1199;260
1200;248
1201;237
1202;233
1203;230
1204;231
1205;231
1206;228
1207;225
1208;230
1209;235
1210;234
1211;232
1212;229
1213;227
1214;233
1215;240
1216;238
1217;237
1218;245
1219;254
1220;259
1221;264
1222;271
1223;278
1224;290
1225;303
1226;329
1227;355
1228;410
1229;465
1230;543
1231;620
1232;708
1233;796
1234;933
1235;1070
1236;1180
1237;1291
1238;1326
1239;1361
1240;1233
1241;1105
1242;941
1243;777
1244;641
1245;506
1246;447
1247;389
1248;350
1249;311
1250;298
1251;286
1252;270
1253;255
1254;246
1255;238
1256;241
1257;243
1258;232
1259;221
1260;216
1261;211
1262;215
1263;219
1264;228
1265;236
1266;228
1267;221
1268;238
1269;255
1270;244
1271;233
1272;249
1273;264
1274;273
1275;282
1276;298
1277;313
1278;342
1279;371
1280;428
1281;486
1282;572
1283;659
1284;773
1285;887
1286;1037
1287;1188
1288;1273
1289;1358
1290;1291
1291;1224
1292;1032
1293;841
1294;689
1295;536
1296;464
1297;391
1298;348
1299;306
1300;290
1301;275
1302;260
1303;245
1304;241
1305;237
1306;235
1307;234
1308;237
1309;239
1310;237
1311;234
1312;235
1313;235
1314;230
1315;225
1316;236
1317;247
1318;242
1319;237
1320;251
1321;265
1322;271
1323;278
1324;297
1325;317
1326;360
1327;403
1328;450
1329;498
1330;629
1331;761
1332;882
1333;1004
1334;1124
1335;1243
1336;1274
1337;1304
1338;1123
1339;942
1340;763
1341;585
1342;491
1343;398
1344;362
1345;326
1346;302
1347;279
1348;264
1349;249
1350;248
1351;247
1352;233
1353;220
1354;224
1355;229
1356;225
1357;222
1358;227
1359;231
1360;229
1361;228
1362;233
1363;239
1364;239
1365;239
1366;264
1367;289
1368;289
