# Strom: -0.01 A
# Magnetfeld: 0 mT
# Schnitt bei (739,474)
# Mittelung: 1 Pixel
# Magnetfeldsensor unkalibriertPixel ; Red Value
1;422
2;444
3;466
4;472
5;478
6;508
7;538
8;616
9;695
10;900
11;1106
12;1383
13;1661
14;1879
15;2097
16;2145
17;2193
18;2070
19;1947
20;1725
21;1503
22;1314
23;1126
24;978
25;831
26;740
27;649
28;592
29;535
30;508
31;482
32;474
33;467
34;455
35;444
36;447
37;451
38;437
39;424
40;427
41;431
42;458
43;486
44;493
45;500
46;514
47;529
48;601
49;673
50;787
51;902
52;1150
53;1398
54;1692
55;1987
56;2123
57;2260
58;2228
59;2197
60;2025
61;1854
62;1647
63;1441
64;1221
65;1002
66;875
67;748
68;692
69;637
70;599
71;562
72;533
73;504
74;486
75;469
76;462
77;455
78;451
79;447
80;458
81;469
82;462
83;455
84;452
85;449
86;470
87;491
88;509
89;527
90;581
91;635
92;692
93;749
94;911
95;1073
96;1317
97;1561
98;1856
99;2151
100;2252
101;2353
102;2301
103;2249
104;2081
105;1914
106;1711
107;1509
108;1303
109;1097
110;959
111;822
112;772
113;722
114;658
115;595
116;555
117;516
118;519
119;522
120;480
121;438
122;468
123;498
124;479
125;460
126;457
127;455
128;473
129;491
130;488
131;486
132;469
133;453
134;492
135;531
136;582
137;633
138;680
139;728
140;868
141;1008
142;1230
143;1452
144;1749
145;2047
146;2250
147;2453
148;2452
149;2451
150;2293
151;2135
152;1941
153;1747
154;1573
155;1399
156;1232
157;1066
158;945
159;824
160;748
161;673
162;633
163;593
164;585
165;577
166;535
167;493
168;489
169;486
170;471
171;456
172;460
173;464
174;454
175;444
176;464
177;484
178;485
179;487
180;493
181;500
182;513
183;526
184;550
185;575
186;601
187;628
188;697
189;766
190;859
191;953
192;1148
193;1343
194;1614
195;1885
196;2132
197;2380
198;2466
199;2553
200;2499
201;2446
202;2279
203;2113
204;1901
205;1689
206;1496
207;1303
208;1182
209;1061
210;940
211;819
212;762
213;706
214;658
215;611
216;594
217;577
218;540
219;504
220;510
221;516
222;511
223;506
224;502
225;498
226;502
227;507
228;497
229;487
230;491
231;496
232;501
233;506
234;503
235;500
236;523
237;546
238;558
239;571
240;592
241;613
242;655
243;697
244;761
245;826
246;955
247;1084
248;1265
249;1447
250;1719
251;1991
252;2232
253;2473
254;2534
255;2595
256;2558
257;2521
258;2405
259;2289
260;2097
261;1905
262;1707
263;1510
264;1362
265;1214
266;1086
267;959
268;898
269;837
270;775
271;713
272;674
273;635
274;606
275;578
276;575
277;573
278;563
279;553
280;537
281;522
282;512
283;502
284;531
285;560
286;535
287;511
288;511
289;511
290;523
291;535
292;525
293;516
294;515
295;515
296;526
297;538
298;552
299;566
300;599
301;633
302;646
303;660
304;704
305;749
306;796
307;844
308;955
309;1066
310;1211
311;1357
312;1595
313;1833
314;2048
315;2264
316;2451
317;2639
318;2705
319;2772
320;2720
321;2668
322;2554
323;2441
324;2275
325;2109
326;1881
327;1654
328;1533
329;1412
330;1290
331;1168
332;1061
333;955
334;909
335;864
336;797
337;731
338;710
339;689
340;673
341;657
342;645
343;633
344;613
345;593
346;575
347;558
348;558
349;558
350;570
351;582
352;567
353;553
354;552
355;551
356;541
357;531
358;534
359;538
360;551
361;564
362;593
363;622
364;594
365;566
366;591
367;617
368;612
369;607
370;632
371;657
372;659
373;662
374;691
375;720
376;721
377;722
378;795
379;868
380;917
381;966
382;1048
383;1130
384;1274
385;1419
386;1642
387;1865
388;2079
389;2293
390;2420
391;2548
392;2710
393;2872
394;2864
395;2856
396;2756
397;2657
398;2575
399;2493
400;2350
401;2208
402;2069
403;1931
404;1760
405;1590
406;1485
407;1381
408;1303
409;1226
410;1132
411;1039
412;989
413;939
414;899
415;859
416;833
417;808
418;785
419;762
420;724
421;686
422;673
423;660
424;678
425;697
426;667
427;637
428;647
429;657
430;634
431;611
432;611
433;611
434;612
435;613
436;621
437;629
438;624
439;620
440;621
441;622
442;625
443;629
444;622
445;615
446;604
447;593
448;598
449;604
450;638
451;673
452;649
453;626
454;633
455;640
456;628
457;617
458;646
459;675
460;668
461;662
462;698
463;735
464;726
465;717
466;747
467;777
468;806
469;835
470;847
471;859
472;939
473;1019
474;1084
475;1150
476;1217
477;1285
478;1399
479;1514
480;1680
481;1847
482;2065
483;2284
484;2448
485;2612
486;2710
487;2808
488;2895
489;2983
490;3017
491;3052
492;2991
493;2930
494;2893
495;2857
496;2821
497;2785
498;2629
499;2473
500;2312
501;2151
502;2065
503;1980
504;1867
505;1754
506;1689
507;1625
508;1545
509;1465
510;1363
511;1261
512;1208
513;1155
514;1108
515;1061
516;1036
517;1012
518;966
519;921
520;889
521;857
522;846
523;835
524;807
525;780
526;767
527;755
528;747
529;739
530;730
531;722
532;691
533;660
534;676
535;693
536;699
537;706
538;691
539;677
540;663
541;649
542;640
543;631
544;640
545;649
546;638
547;628
548;638
549;648
550;654
551;660
552;646
553;633
554;636
555;640
556;622
557;604
558;606
559;609
560;622
561;635
562;620
563;606
564;595
565;584
566;599
567;615
568;619
569;624
570;621
571;618
572;632
573;646
574;637
575;629
576;615
577;602
578;620
579;638
580;652
581;666
582;662
583;658
584;660
585;662
586;658
587;655
588;647
589;640
590;643
591;646
592;659
593;673
594;678
595;684
596;681
597;678
598;701
599;724
600;732
601;740
602;726
603;713
604;737
605;762
606;774
607;786
608;796
609;806
610;810
611;815
612;836
613;857
614;851
615;846
616;861
617;877
618;912
619;948
620;967
621;986
622;993
623;1001
624;1026
625;1052
626;1083
627;1114
628;1120
629;1126
630;1159
631;1192
632;1256
633;1321
634;1377
635;1434
636;1477
637;1521
638;1551
639;1581
640;1654
641;1727
642;1806
643;1885
644;1958
645;2031
646;2104
647;2177
648;2242
649;2308
650;2391
651;2475
652;2574
653;2674
654;2667
655;2661
656;2758
657;2856
658;2893
659;2930
660;3017
661;3105
662;3152
663;3200
664;3220
665;3240
666;3268
667;3296
668;3324
669;3353
670;3353
671;3354
672;3329
673;3305
674;3313
675;3322
676;3317
677;3312
678;3278
679;3245
680;3255
681;3265
682;3228
683;3191
684;3178
685;3165
686;3123
687;3081
688;3103
689;3125
690;3048
691;2972
692;2985
693;2999
694;2945
695;2892
696;2893
697;2894
698;2875
699;2856
700;2834
701;2812
702;2776
703;2741
704;2711
705;2681
706;2654
707;2628
708;2610
709;2593
710;2576
711;2559
712;2561
713;2564
714;2530
715;2497
716;2466
717;2435
718;2465
719;2495
720;2532
721;2570
722;2518
723;2466
724;2437
725;2408
726;2384
727;2360
728;2407
729;2455
730;2396
731;2337
732;2314
733;2291
734;2297
735;2304
736;2292
737;2280
738;2308
739;2337
740;2368
741;2400
742;2367
743;2335
744;2367
745;2400
746;2385
747;2371
748;2356
749;2342
750;2370
751;2399
752;2405
753;2411
754;2436
755;2462
756;2408
757;2355
758;2418
759;2482
760;2469
761;2457
762;2448
763;2439
764;2503
765;2568
766;2548
767;2528
768;2556
769;2584
770;2605
771;2626
772;2655
773;2684
774;2709
775;2735
776;2720
777;2706
778;2761
779;2817
780;2805
781;2794
782;2815
783;2836
784;2889
785;2943
786;2983
787;3023
788;3015
789;3008
790;3011
791;3014
792;3026
793;3039
794;3110
795;3181
796;3206
797;3232
798;3225
799;3218
800;3259
801;3300
802;3311
803;3323
804;3342
805;3362
806;3372
807;3383
808;3338
809;3294
810;3308
811;3322
812;3335
813;3349
814;3311
815;3274
816;3185
817;3096
818;3084
819;3072
820;3017
821;2963
822;2887
823;2812
824;2745
825;2679
826;2573
827;2468
828;2392
829;2317
830;2275
831;2233
832;2137
833;2042
834;1936
835;1831
836;1776
837;1722
838;1653
839;1585
840;1519
841;1454
842;1410
843;1367
844;1302
845;1237
846;1216
847;1195
848;1153
849;1112
850;1062
851;1012
852;1027
853;1043
854;1002
855;962
856;920
857;879
858;866
859;853
860;825
861;797
862;793
863;790
864;776
865;762
866;751
867;740
868;725
869;711
870;697
871;684
872;675
873;666
874;656
875;646
876;633
877;620
878;607
879;595
880;595
881;595
882;585
883;575
884;575
885;575
886;579
887;584
888;555
889;527
890;550
891;573
892;560
893;547
894;552
895;558
896;537
897;516
898;509
899;502
900;504
901;507
902;515
903;524
904;521
905;518
906;501
907;484
908;484
909;484
910;495
911;507
912;507
913;507
914;516
915;526
916;516
917;507
918;511
919;515
920;511
921;507
922;506
923;506
924;509
925;513
926;498
927;484
928;496
929;509
930;518
931;527
932;521
933;515
934;515
935;516
936;528
937;540
938;539
939;538
940;542
941;546
942;537
943;529
944;544
945;560
946;560
947;560
948;596
949;633
950;636
951;640
952;623
953;606
954;640
955;675
956;663
957;651
958;729
959;808
960;802
961;797
962;818
963;840
964;867
965;895
966;954
967;1013
968;1055
969;1097
970;1194
971;1292
972;1377
973;1463
974;1561
975;1660
976;1769
977;1878
978;2027
979;2177
980;2314
981;2451
982;2588
983;2726
984;2879
985;3032
986;3129
987;3227
988;3261
989;3296
990;3212
991;3129
992;3020
993;2912
994;2633
995;2355
996;2155
997;1956
998;1768
999;1581
1000;1446
1001;1312
1002;1198
1003;1084
1004;1025
1005;966
1006;876
1007;786
1008;756
1009;726
1010;719
1011;713
1012;687
1013;662
1014;641
1015;620
1016;601
1017;582
1018;563
1019;544
1020;548
1021;553
1022;544
1023;536
1024;540
1025;544
1026;514
1027;484
1028;488
1029;493
1030;509
1031;526
1032;501
1033;476
1034;473
1035;471
1036;484
1037;498
1038;487
1039;476
1040;483
1041;491
1042;502
1043;513
1044;502
1045;491
1046;488
1047;486
1048;513
1049;540
1050;528
1051;516
1052;513
1053;511
1054;521
1055;531
1056;546
1057;562
1058;580
1059;598
1060;610
1061;622
1062;630
1063;638
1064;675
1065;713
1066;756
1067;799
1068;847
1069;895
1070;943
1071;992
1072;1111
1073;1230
1074;1367
1075;1505
1076;1691
1077;1878
1078;2069
1079;2260
1080;2407
1081;2555
1082;2761
1083;2967
1084;3084
1085;3201
1086;3145
1087;3090
1088;2872
1089;2654
1090;2327
1091;2000
1092;1765
1093;1530
1094;1326
1095;1123
1096;1036
1097;950
1098;884
1099;819
1100;769
1101;719
1102;674
1103;629
1104;618
1105;607
1106;565
1107;524
1108;528
1109;533
1110;506
1111;480
1112;474
1113;469
1114;482
1115;495
1116;491
1117;487
1118;475
1119;464
1120;444
1121;424
1122;427
1123;431
1124;444
1125;458
1126;468
1127;478
1128;480
1129;482
1130;470
1131;458
1132;467
1133;476
1134;485
1135;495
1136;499
1137;504
1138;516
1139;529
1140;563
1141;597
1142;600
1143;604
1144;672
1145;740
1146;802
1147;864
1148;948
1149;1033
1150;1185
1151;1337
1152;1507
1153;1678
1154;1933
1155;2189
1156;2389
1157;2590
1158;2726
1159;2863
1160;2964
1161;3065
1162;2871
1163;2677
1164;2363
1165;2049
1166;1718
1167;1387
1168;1205
1169;1024
1170;915
1171;806
1172;754
1173;702
1174;662
1175;622
1176;582
1177;542
1178;551
1179;560
1180;523
1181;487
1182;490
1183;493
1184;474
1185;455
1186;453
1187;451
1188;440
1189;429
1190;421
1191;413
1192;432
1193;451
1194;436
1195;422
1196;433
1197;444
1198;452
1199;460
1200;462
1201;464
1202;477
1203;491
1204;514
1205;538
1206;558
1207;578
1208;598
1209;618
1210;678
1211;739
1212;837
1213;935
1214;1060
1215;1186
1216;1373
1217;1560
1218;1794
1219;2029
1220;2265
1221;2502
1222;2697
1223;2892
1224;2899
1225;2907
1226;2664
1227;2421
1228;2031
1229;1641
1230;1385
1231;1130
1232;978
1233;826
1234;776
1235;726
1236;644
1237;562
1238;544
1239;526
1240;525
1241;524
1242;494
1243;464
1244;458
1245;453
1246;431
1247;409
1248;430
1249;451
1250;458
1251;466
1252;452
1253;438
1254;431
1255;424
1256;429
1257;435
1258;435
1259;435
1260;451
1261;467
1262;495
1263;524
1264;534
1265;544
1266;589
1267;635
1268;704
1269;773
1270;900
1271;1028
1272;1170
1273;1312
1274;1519
1275;1727
1276;1978
1277;2229
1278;2508
1279;2788
1280;2779
1281;2770
1282;2533
1283;2297
1284;1925
1285;1554
1286;1273
1287;992
1288;876
1289;760
1290;675
1291;591
1292;568
1293;546
1294;516
1295;487
1296;470
1297;453
1298;441
1299;429
1300;414
1301;400
1302;410
1303;420
1304;405
1305;391
1306;405
1307;420
1308;449
1309;478
1310;462
1311;447
1312;463
1313;480
1314;504
1315;529
1316;534
1317;540
1318;589
1319;638
1320;708
1321;779
1322;889
1323;999
1324;1226
1325;1454
1326;1678
1327;1902
1328;2194
1329;2486
1330;2624
1331;2763
1332;2673
1333;2583
1334;2141
1335;1700
1336;1383
1337;1066
1338;906
1339;746
1340;688
1341;631
1342;585
1343;540
1344;509
1345;478
1346;469
1347;460
1348;432
1349;405
1350;421
1351;438
1352;441
1353;445
1354;424
1355;404
1356;412
1357;420
1358;421
1359;422
1360;443
1361;464
1362;467
1363;471
1364;532
1365;593
1366;603
1367;613
1368;613
