# Strom: -0.27 A
# Magnetfeld: 21 mT
# Schnitt bei (696,491)
# Mittelung: 1 Pixel
# Magnetfeldsensor kalibriertPixel ; Red Value
1;411
2;461
3;511
4;562
5;613
6;674
7;736
8;762
9;789
10;817
11;845
12;918
13;991
14;1008
15;1026
16;990
17;954
18;935
19;917
20;902
21;886
22;847
23;807
24;763
25;719
26;649
27;580
28;521
29;463
30;431
31;398
32;379
33;359
34;343
35;327
36;329
37;332
38;325
39;319
40;347
41;375
42;381
43;388
44;426
45;465
46;508
47;551
48;600
49;650
50;711
51;773
52;791
53;810
54;876
55;942
56;971
57;999
58;1032
59;1065
60;1034
61;1002
62;985
63;968
64;931
65;895
66;890
67;886
68;815
69;745
70;683
71;621
72;546
73;471
74;440
75;410
76;395
77;380
78;368
79;356
80;345
81;335
82;334
83;332
84;343
85;354
86;347
87;341
88;366
89;391
90;435
91;479
92;541
93;604
94;641
95;677
96;710
97;743
98;789
99;836
100;881
101;926
102;974
103;1022
104;1048
105;1073
106;1054
107;1036
108;1026
109;1017
110;990
111;963
112;951
113;939
114;900
115;861
116;803
117;745
118;683
119;622
120;567
121;513
122;479
123;444
124;423
125;403
126;387
127;371
128;362
129;352
130;350
131;348
132;349
133;350
134;352
135;354
136;367
137;379
138;408
139;438
140;465
141;492
142;556
143;620
144;669
145;717
146;760
147;803
148;824
149;845
150;883
151;921
152;971
153;1021
154;1052
155;1082
156;1078
157;1074
158;1079
159;1083
160;1043
161;1004
162;993
163;982
164;975
165;969
166;932
167;896
168;835
169;774
170;700
171;626
172;588
173;549
174;510
175;471
176;446
177;421
178;413
179;406
180;391
181;377
182;366
183;355
184;359
185;363
186;360
187;358
188;363
189;368
190;378
191;389
192;410
193;431
194;475
195;519
196;563
197;607
198;651
199;696
200;739
201;783
202;811
203;839
204;856
205;874
206;918
207;962
208;1010
209;1058
210;1104
211;1150
212;1140
213;1130
214;1111
215;1092
216;1067
217;1041
218;1031
219;1021
220;1008
221;996
222;958
223;921
224;899
225;877
226;820
227;764
228;717
229;671
230;624
231;578
232;545
233;512
234;483
235;455
236;440
237;425
238;430
239;434
240;402
241;371
242;379
243;388
244;388
245;389
246;390
247;391
248;400
249;410
250;405
251;401
252;414
253;427
254;457
255;487
256;529
257;571
258;615
259;659
260;700
261;742
262;785
263;829
264;848
265;866
266;886
267;906
268;934
269;962
270;1007
271;1053
272;1087
273;1121
274;1183
275;1245
276;1210
277;1175
278;1192
279;1208
280;1157
281;1107
282;1094
283;1082
284;1044
285;1007
286;1006
287;1005
288;1008
289;1011
290;969
291;927
292;871
293;816
294;754
295;693
296;649
297;605
298;580
299;556
300;529
301;502
302;488
303;474
304;458
305;443
306;438
307;434
308;424
309;414
310;414
311;414
312;417
313;420
314;408
315;397
316;401
317;404
318;405
319;407
320;412
321;417
322;444
323;471
324;478
325;485
326;515
327;545
328;583
329;622
330;674
331;727
332;753
333;779
334;810
335;840
336;865
337;890
338;891
339;892
340;913
341;935
342;959
343;982
344;1033
345;1084
346;1122
347;1160
348;1188
349;1217
350;1231
351;1245
352;1229
353;1214
354;1178
355;1142
356;1103
357;1064
358;1070
359;1076
360;1074
361;1071
362;1069
363;1067
364;1079
365;1091
366;1054
367;1016
368;985
369;955
370;924
371;894
372;849
373;805
374;761
375;717
376;686
377;655
378;630
379;606
380;572
381;537
382;535
383;533
384;504
385;476
386;467
387;457
388;445
389;433
390;442
391;451
392;436
393;422
394;432
395;441
396;436
397;431
398;432
399;432
400;424
401;415
402;428
403;441
404;446
405;451
406;446
407;441
408;450
409;460
410;481
411;503
412;508
413;513
414;538
415;563
416;590
417;616
418;651
419;686
420;729
421;772
422;798
423;823
424;846
425;868
426;896
427;924
428;913
429;902
430;911
431;920
432;938
433;956
434;960
435;965
436;991
437;1017
438;1062
439;1107
440;1134
441;1160
442;1185
443;1210
444;1241
445;1273
446;1272
447;1272
448;1268
449;1264
450;1256
451;1247
452;1231
453;1215
454;1203
455;1191
456;1141
457;1090
458;1098
459;1105
460;1106
461;1107
462;1103
463;1100
464;1105
465;1111
466;1106
467;1101
468;1109
469;1118
470;1088
471;1058
472;1019
473;981
474;982
475;982
476;936
477;890
478;853
479;816
480;787
481;758
482;726
483;695
484;673
485;652
486;636
487;621
488;607
489;594
490;574
491;554
492;531
493;508
494;512
495;516
496;506
497;495
498;485
499;475
500;473
501;471
502;463
503;455
504;449
505;442
506;437
507;433
508;431
509;429
510;442
511;455
512;448
513;442
514;449
515;457
516;453
517;448
518;446
519;443
520;437
521;431
522;449
523;468
524;455
525;443
526;444
527;446
528;448
529;451
530;450
531;450
532;451
533;453
534;450
535;447
536;457
537;467
538;486
539;505
540;495
541;484
542;504
543;525
544;532
545;539
546;535
547;531
548;548
549;565
550;574
551;584
552;609
553;635
554;661
555;688
556;709
557;730
558;742
559;755
560;764
561;774
562;793
563;813
564;824
565;836
566;868
567;900
568;904
569;908
570;926
571;944
572;942
573;940
574;939
575;939
576;958
577;977
578;978
579;979
580;963
581;947
582;976
583;1005
584;1003
585;1002
586;988
587;974
588;985
589;997
590;1006
591;1015
592;1019
593;1023
594;1039
595;1055
596;1058
597;1060
598;1067
599;1073
600;1093
601;1112
602;1120
603;1129
604;1140
605;1151
606;1164
607;1178
608;1197
609;1216
610;1218
611;1220
612;1222
613;1225
614;1231
615;1238
616;1285
617;1332
618;1325
619;1318
620;1331
621;1344
622;1353
623;1362
624;1349
625;1336
626;1338
627;1340
628;1329
629;1318
630;1304
631;1290
632;1304
633;1318
634;1307
635;1296
636;1273
637;1250
638;1263
639;1276
640;1259
641;1242
642;1246
643;1250
644;1223
645;1197
646;1191
647;1185
648;1205
649;1225
650;1187
651;1149
652;1152
653;1156
654;1153
655;1150
656;1153
657;1156
658;1130
659;1104
660;1111
661;1118
662;1121
663;1125
664;1101
665;1078
666;1070
667;1062
668;1101
669;1140
670;1116
671;1093
672;1112
673;1132
674;1126
675;1120
676;1098
677;1076
678;1068
679;1061
680;1066
681;1072
682;1084
683;1096
684;1080
685;1064
686;1063
687;1062
688;1059
689;1056
690;1083
691;1110
692;1092
693;1075
694;1072
695;1070
696;1064
697;1059
698;1071
699;1083
700;1081
701;1080
702;1062
703;1045
704;1033
705;1022
706;1033
707;1043
708;1050
709;1057
710;1044
711;1031
712;1042
713;1053
714;1067
715;1081
716;1063
717;1045
718;1066
719;1087
720;1063
721;1040
722;1045
723;1051
724;1065
725;1080
726;1083
727;1087
728;1075
729;1062
730;1091
731;1121
732;1122
733;1124
734;1125
735;1127
736;1122
737;1117
738;1113
739;1110
740;1112
741;1115
742;1147
743;1179
744;1176
745;1173
746;1169
747;1164
748;1181
749;1199
750;1194
751;1190
752;1200
753;1211
754;1222
755;1233
756;1235
757;1237
758;1247
759;1257
760;1255
761;1253
762;1261
763;1270
764;1277
765;1285
766;1285
767;1285
768;1296
769;1307
770;1303
771;1299
772;1312
773;1326
774;1305
775;1283
776;1272
777;1261
778;1270
779;1280
780;1257
781;1235
782;1211
783;1188
784;1190
785;1193
786;1176
787;1159
788;1136
789;1114
790;1104
791;1095
792;1081
793;1068
794;1039
795;1010
796;1014
797;1018
798;1005
799;993
800;978
801;962
802;959
803;956
804;948
805;939
806;929
807;920
808;923
809;926
810;912
811;899
812;910
813;922
814;911
815;899
816;917
817;934
818;932
819;930
820;901
821;871
822;902
823;934
824;910
825;887
826;884
827;882
828;862
829;843
830;815
831;787
832;774
833;762
834;726
835;691
836;688
837;686
838;656
839;626
840;597
841;568
842;548
843;528
844;517
845;506
846;484
847;462
848;451
849;441
850;443
851;445
852;422
853;400
854;407
855;415
856;404
857;392
858;392
859;392
860;381
861;370
862;376
863;382
864;373
865;364
866;354
867;344
868;348
869;351
870;350
871;350
872;342
873;335
874;344
875;354
876;344
877;334
878;342
879;349
880;350
881;351
882;348
883;346
884;343
885;341
886;348
887;356
888;356
889;357
890;363
891;370
892;364
893;358
894;375
895;393
896;389
897;384
898;383
899;382
900;396
901;410
902;416
903;422
904;430
905;438
906;447
907;456
908;479
909;502
910;526
911;550
912;582
913;615
914;644
915;674
916;714
917;754
918;786
919;818
920;864
921;910
922;940
923;969
924;992
925;1016
926;1010
927;1005
928;1013
929;1021
930;1001
931;981
932;971
933;962
934;941
935;920
936;952
937;984
938;993
939;1001
940;1043
941;1085
942;1098
943;1112
944;1146
945;1179
946;1217
947;1254
948;1247
949;1240
950;1228
951;1217
952;1191
953;1164
954;1116
955;1069
956;1029
957;989
958;955
959;921
960;915
961;908
962;890
963;872
964;882
965;891
966;891
967;890
968;864
969;837
970;822
971;808
972;772
973;736
974;694
975;653
976;602
977;552
978;518
979;485
980;462
981;439
982;430
983;420
984;404
985;389
986;375
987;361
988;365
989;370
990;353
991;336
992;335
993;335
994;333
995;332
996;335
997;339
998;328
999;318
1000;318
1001;318
1002;325
1003;332
1004;339
1005;346
1006;351
1007;357
1008;356
1009;356
1010;373
1011;391
1012;392
1013;393
1014;408
1015;422
1016;452
1017;482
1018;506
1019;530
1020;577
1021;624
1022;682
1023;741
1024;819
1025;897
1026;917
1027;937
1028;971
1029;1006
1030;984
1031;963
1032;962
1033;961
1034;964
1035;967
1036;977
1037;987
1038;1012
1039;1037
1040;1076
1041;1116
1042;1171
1043;1226
1044;1244
1045;1263
1046;1232
1047;1202
1048;1135
1049;1069
1050;1009
1051;950
1052;926
1053;902
1054;885
1055;868
1056;860
1057;853
1058;853
1059;852
1060;829
1061;806
1062;749
1063;693
1064;641
1065;589
1066;535
1067;482
1068;444
1069;407
1070;393
1071;380
1072;359
1073;339
1074;329
1075;319
1076;323
1077;328
1078;325
1079;321
1080;318
1081;315
1082;310
1083;305
1084;306
1085;307
1086;321
1087;336
1088;337
1089;338
1090;345
1091;353
1092;368
1093;383
1094;398
1095;413
1096;434
1097;454
1098;499
1099;543
1100;609
1101;675
1102;735
1103;795
1104;877
1105;959
1106;960
1107;961
1108;964
1109;968
1110;956
1111;944
1112;939
1113;934
1114;981
1115;1029
1116;1073
1117;1118
1118;1156
1119;1194
1120;1171
1121;1149
1122;1101
1123;1053
1124;983
1125;913
1126;881
1127;850
1128;839
1129;828
1130;824
1131;820
1132;791
1133;763
1134;724
1135;686
1136;615
1137;544
1138;483
1139;422
1140;401
1141;380
1142;366
1143;353
1144;347
1145;341
1146;322
1147;302
1148;304
1149;307
1150;316
1151;326
1152;323
1153;320
1154;323
1155;326
1156;332
1157;339
1158;350
1159;362
1160;386
1161;411
1162;439
1163;468
1164;491
1165;514
1166;591
1167;669
1168;730
1169;791
1170;850
1171;909
1172;932
1173;955
1174;943
1175;930
1176;934
1177;938
1178;970
1179;1002
1180;1056
1181;1111
1182;1135
1183;1160
1184;1120
1185;1080
1186;1026
1187;972
1188;919
1189;867
1190;849
1191;831
1192;827
1193;823
1194;790
1195;756
1196;687
1197;617
1198;540
1199;462
1200;430
1201;399
1202;375
1203;351
1204;338
1205;325
1206;316
1207;307
1208;310
1209;313
1210;303
1211;293
1212;296
1213;300
1214;320
1215;341
1216;345
1217;350
1218;365
1219;380
1220;414
1221;449
1222;504
1223;560
1224;622
1225;685
1226;765
1227;846
1228;893
1229;940
1230;947
1231;954
1232;940
1233;925
1234;946
1235;966
1236;1021
1237;1077
1238;1126
1239;1175
1240;1142
1241;1109
1242;1013
1243;918
1244;868
1245;819
1246;819
1247;818
1248;803
1249;788
1250;720
1251;653
1252;583
1253;514
1254;458
1255;402
1256;378
1257;353
1258;329
1259;304
1260;304
1261;303
1262;299
1263;294
1264;292
1265;290
1266;295
1267;301
1268;315
1269;329
1270;340
1271;351
1272;381
1273;410
1274;453
1275;495
1276;563
1277;632
1278;734
1279;837
1280;885
1281;934
1282;913
1283;893
1284;895
1285;897
1286;938
1287;980
1288;1030
1289;1080
1290;1084
1291;1089
1292;1027
1293;966
1294;890
1295;815
1296;803
1297;791
1298;779
1299;767
1300;695
1301;624
1302;545
1303;467
1304;425
1305;382
1306;368
1307;355
1308;326
1309;297
1310;304
1311;311
1312;314
1313;317
1314;308
1315;300
1316;314
1317;329
1318;331
1319;333
1320;375
1321;417
1322;470
1323;524
1324;602
1325;680
1326;747
1327;814
1328;876
1329;939
1330;923
1331;908
1332;914
1333;920
1334;981
1335;1041
1336;1086
1337;1132
1338;1051
1339;971
1340;901
1341;831
1342;820
1343;808
1344;775
1345;742
1346;677
1347;612
1348;539
1349;467
1350;419
1351;371
1352;350
1353;329
1354;324
1355;320
1356;306
1357;292
1358;297
1359;302
1360;302
1361;303
1362;311
1363;319
1364;353
1365;387
1366;450
1367;513
1368;513
